2016-06-12T23:30:09.471212Z   1/7869465:18817         23         50    7869456      82007          1 12.00958251703000100 -12.0708007787360000 8.533476562500000000 -8.53505859375000100 3.321990967704000000 2.463134768988000000 5.057373046875000000 -5.05590820312500000 257.7104128722778600 -3.00000000409600000 -15.7848063593990010 -16.4095191351650000 -16.8116331057730000 -18.0395168374510000 0.054565429761999996 0.012451171892000000 0.000000000000000000       2362          0          0          0          0          0 0.000000000000000000 0.000000000000000000 0.000000000000000000 0.000000000000000000 0.000000000000000000 0.000000000000000000 0.000000000000000000 0.000000000000000000 0.000000000000000000 0.000000000000000000 0.000000000000000000 0.000000000000000000 0.000000000000000000 0.000000000000000000 0.000000000000000000 0.000000000000000000 0.000000000000000000          0          0          0          0          0          0 0.000000000000000000 0.000000000000000000 0.000000000000000000 0.000000000000000000 0.000000000000000000 0.000000000000000000 0.000000000000000000 0.000000000000000000 0.000000000000000000 0.000000000000000000 0.000000000000000000 0.000000000000000000 0.000000000000000000 0.000000000000000000 0.000000000000000000 0.000000000000000000 0.000000000000000000 0.000000000000000000 0.000000000000000000 0.000000000000000000 0.000000000000000000          0 
2016-06-12T23:30:39.470763Z   1/7869495:18817         23         50    7869486     141750         31 12.01138305413900100 -12.0708007787360000 8.533476562500000000 -8.53822265625000100 3.322448731376000000 2.463134768988000000 5.056640625000000000 -5.05737304687500000 235.3414981184575400 -3.00000000409600000 -15.7776257527810000 -16.7182852197390000 -16.8259943190090000 -18.0036138043610000 0.056030273514000000 0.012451171892000000 4095.000000000000000       3119          0          0          0          0          0 0.000000000000000000 0.000000000000000000 0.000000000000000000 0.000000000000000000 0.000000000000000000 0.000000000000000000 0.000000000000000000 0.000000000000000000 0.000000000000000000 0.000000000000000000 0.000000000000000000 0.000000000000000000 0.000000000000000000 0.000000000000000000 0.000000000000000000 0.000000000000000000 0.000000000000000000          0          0          0          0          0          0 0.000000000000000000 0.000000000000000000 0.000000000000000000 0.000000000000000000 0.000000000000000000 0.000000000000000000 0.000000000000000000 0.000000000000000000 0.000000000000000000 0.000000000000000000 0.000000000000000000 0.000000000000000000 0.000000000000000000 0.000000000000000000 0.000000000000000000 0.000000000000000000 0.000000000000000000 0.000000000000000000 0.000000000000000000 0.000000000000000000 0.000000000000000000          0 
2016-06-12T23:31:09.470314Z   1/7869525:18817         23         50    7869515     952976         61 12.01138305413900100 -12.0708007787360000 8.533476562500000000 -8.53980468750000000 3.322906495048000000 2.463134768988000000 5.057373046875000000 -5.05810546875000000 210.5537256782968700 -3.00000000409600000 -15.8207093924890000 -16.8978003851890000 -16.8044524991550000 -17.9677107712710000 0.055664062576000000 0.012817382830000000 4095.000000000000000       3155          0          0          0          0          0 0.000000000000000000 0.000000000000000000 0.000000000000000000 0.000000000000000000 0.000000000000000000 0.000000000000000000 0.000000000000000000 0.000000000000000000 0.000000000000000000 0.000000000000000000 0.000000000000000000 0.000000000000000000 0.000000000000000000 0.000000000000000000 0.000000000000000000 0.000000000000000000 0.000000000000000000          0          0          0          0          0          0 0.000000000000000000 0.000000000000000000 0.000000000000000000 0.000000000000000000 0.000000000000000000 0.000000000000000000 0.000000000000000000 0.000000000000000000 0.000000000000000000 0.000000000000000000 0.000000000000000000 0.000000000000000000 0.000000000000000000 0.000000000000000000 0.000000000000000000 0.000000000000000000 0.000000000000000000 0.000000000000000000 0.000000000000000000 0.000000000000000000 0.000000000000000000          0 
2016-06-12T23:31:39.469865Z   1/7869555:18817         23         50    7869546      13994         91 12.01138305413900100 -12.0708007787360000 8.535058593750001000 -8.54138671875000100 3.323364258720000000 2.463134768988000000 5.057373046875000000 -5.05883789062500000 188.2087782679119000 -3.00000000409600000 -15.8566124255790000 -17.0126900910770000 -16.8044524991550000 -17.9389883447990000 0.055664062576000000 0.012451171892000000 4095.000000000000000       3267          0          0          0          0          0 0.000000000000000000 0.000000000000000000 0.000000000000000000 0.000000000000000000 0.000000000000000000 0.000000000000000000 0.000000000000000000 0.000000000000000000 0.000000000000000000 0.000000000000000000 0.000000000000000000 0.000000000000000000 0.000000000000000000 0.000000000000000000 0.000000000000000000 0.000000000000000000 0.000000000000000000          0          0          0          0          0          0 0.000000000000000000 0.000000000000000000 0.000000000000000000 0.000000000000000000 0.000000000000000000 0.000000000000000000 0.000000000000000000 0.000000000000000000 0.000000000000000000 0.000000000000000000 0.000000000000000000 0.000000000000000000 0.000000000000000000 0.000000000000000000 0.000000000000000000 0.000000000000000000 0.000000000000000000 0.000000000000000000 0.000000000000000000 0.000000000000000000 0.000000000000000000          0 
2016-06-12T23:32:09.469416Z   1/7869585:18817         23         50    7869576      74040        121 12.01138305413900100 -12.0726013158450000 8.533476562500000000 -8.54455078125000000 3.322906495048000000 2.463134768988000000 5.057373046875000000 -5.05883789062500000 167.3228944915215400 -3.00000000409600000 -15.8925154586690010 -17.0916767638750000 -16.7685494660650000 -17.9174465249450000 0.054565429761999996 0.012451171892000000 4095.000000000000000       3033          0          0          0          0          0 0.000000000000000000 0.000000000000000000 0.000000000000000000 0.000000000000000000 0.000000000000000000 0.000000000000000000 0.000000000000000000 0.000000000000000000 0.000000000000000000 0.000000000000000000 0.000000000000000000 0.000000000000000000 0.000000000000000000 0.000000000000000000 0.000000000000000000 0.000000000000000000 0.000000000000000000          0          0          0          0          0          0 0.000000000000000000 0.000000000000000000 0.000000000000000000 0.000000000000000000 0.000000000000000000 0.000000000000000000 0.000000000000000000 0.000000000000000000 0.000000000000000000 0.000000000000000000 0.000000000000000000 0.000000000000000000 0.000000000000000000 0.000000000000000000 0.000000000000000000 0.000000000000000000 0.000000000000000000 0.000000000000000000 0.000000000000000000 0.000000000000000000 0.000000000000000000          0 
2016-06-12T23:32:39.468967Z   1/7869615:18817         23         50    7869606     135783        151 12.01138305413900100 -12.0708007787360000 8.535058593750001000 -8.54455078125000000 3.323364258720000000 2.463134768988000000 5.057373046875000000 -5.05957031250000000 147.4779423382795500 -3.00000000409600000 -15.9140572785230000 -17.1347604035830000 -16.7326464329750000 -17.9318077381810000 0.054565429761999996 0.012451171892000000 4095.000000000000000       3207          0          0          0          0          0 0.000000000000000000 0.000000000000000000 0.000000000000000000 0.000000000000000000 0.000000000000000000 0.000000000000000000 0.000000000000000000 0.000000000000000000 0.000000000000000000 0.000000000000000000 0.000000000000000000 0.000000000000000000 0.000000000000000000 0.000000000000000000 0.000000000000000000 0.000000000000000000 0.000000000000000000          0          0          0          0          0          0 0.000000000000000000 0.000000000000000000 0.000000000000000000 0.000000000000000000 0.000000000000000000 0.000000000000000000 0.000000000000000000 0.000000000000000000 0.000000000000000000 0.000000000000000000 0.000000000000000000 0.000000000000000000 0.000000000000000000 0.000000000000000000 0.000000000000000000 0.000000000000000000 0.000000000000000000 0.000000000000000000 0.000000000000000000 0.000000000000000000 0.000000000000000000          0 
2016-06-12T23:33:09.468518Z   1/7869645:18817         23         50    7869635     947109        181 12.00958251703000100 -12.0708007787360000 8.535058593750001000 -8.54613281250000000 3.323364258720000000 2.462768558050000000 5.057373046875000000 -5.05957031250000000 128.7305317472905000 -3.00000000409600000 -15.9212378851410000 -17.1563022234370000 -16.6823821866490000 -17.9318077381810000 0.053466796948000000 0.012817382830000000 4095.000000000000000       3491          0          0          0          0          0 0.000000000000000000 0.000000000000000000 0.000000000000000000 0.000000000000000000 0.000000000000000000 0.000000000000000000 0.000000000000000000 0.000000000000000000 0.000000000000000000 0.000000000000000000 0.000000000000000000 0.000000000000000000 0.000000000000000000 0.000000000000000000 0.000000000000000000 0.000000000000000000 0.000000000000000000          0          0          0          0          0          0 0.000000000000000000 0.000000000000000000 0.000000000000000000 0.000000000000000000 0.000000000000000000 0.000000000000000000 0.000000000000000000 0.000000000000000000 0.000000000000000000 0.000000000000000000 0.000000000000000000 0.000000000000000000 0.000000000000000000 0.000000000000000000 0.000000000000000000 0.000000000000000000 0.000000000000000000 0.000000000000000000 0.000000000000000000 0.000000000000000000 0.000000000000000000          0 
2016-06-12T23:33:39.468069Z   1/7869675:18817         23         50    7869666       8145        211 12.00958251703000100 -12.0726013158450000 8.533476562500000000 -8.54771484375000000 3.323364258720000000 2.462768558050000000 5.057373046875000000 -5.06030273437500000 111.3045680500198400 -3.00000000409600000 -15.9427797049950000 -17.1634828300550000 -16.6177567270870000 -17.9389883447990000 0.053100586010000000 0.012817382830000000 4095.000000000000000       3520          0          0          0          0          0 0.000000000000000000 0.000000000000000000 0.000000000000000000 0.000000000000000000 0.000000000000000000 0.000000000000000000 0.000000000000000000 0.000000000000000000 0.000000000000000000 0.000000000000000000 0.000000000000000000 0.000000000000000000 0.000000000000000000 0.000000000000000000 0.000000000000000000 0.000000000000000000 0.000000000000000000          0          0          0          0          0          0 0.000000000000000000 0.000000000000000000 0.000000000000000000 0.000000000000000000 0.000000000000000000 0.000000000000000000 0.000000000000000000 0.000000000000000000 0.000000000000000000 0.000000000000000000 0.000000000000000000 0.000000000000000000 0.000000000000000000 0.000000000000000000 0.000000000000000000 0.000000000000000000 0.000000000000000000 0.000000000000000000 0.000000000000000000 0.000000000000000000 0.000000000000000000          0 
2016-06-12T23:34:09.467621Z   1/7869705:18817         23         50    7869696      68400        241 12.00958251703000100 -12.0708007787360000 8.535058593750001000 -8.54771484375000000 3.323364258720000000 2.463134768988000000 5.057373046875000000 -5.06030273437500000 95.41274288732154000 -3.00000000409600000 -15.9355990983770000 -17.1491216168190000 -16.4956864145810000 -17.8815434918550020 0.053466796948000000 0.012817382830000000 4095.000000000000000       2910          0          0          0          0          0 0.000000000000000000 0.000000000000000000 0.000000000000000000 0.000000000000000000 0.000000000000000000 0.000000000000000000 0.000000000000000000 0.000000000000000000 0.000000000000000000 0.000000000000000000 0.000000000000000000 0.000000000000000000 0.000000000000000000 0.000000000000000000 0.000000000000000000 0.000000000000000000 0.000000000000000000          0          0          0          0          0          0 0.000000000000000000 0.000000000000000000 0.000000000000000000 0.000000000000000000 0.000000000000000000 0.000000000000000000 0.000000000000000000 0.000000000000000000 0.000000000000000000 0.000000000000000000 0.000000000000000000 0.000000000000000000 0.000000000000000000 0.000000000000000000 0.000000000000000000 0.000000000000000000 0.000000000000000000 0.000000000000000000 0.000000000000000000 0.000000000000000000 0.000000000000000000          0 
2016-06-12T23:34:39.467172Z   1/7869735:18817         23         50    7869726     128943        271 12.00958251703000100 -12.0726013158450000 8.535058593750001000 -8.54929687500000100 3.323822022392000000 2.463134768988000000 5.057373046875000000 -5.06176757812500000 81.49831051543316000 -3.00000000409600000 -15.9427797049950000 -17.1347604035830000 -16.4238803484010000 -17.8887240984730000 0.053100586010000000 0.012451171892000000 3207.000000000000000       2909          0          0          0          0          0 0.000000000000000000 0.000000000000000000 0.000000000000000000 0.000000000000000000 0.000000000000000000 0.000000000000000000 0.000000000000000000 0.000000000000000000 0.000000000000000000 0.000000000000000000 0.000000000000000000 0.000000000000000000 0.000000000000000000 0.000000000000000000 0.000000000000000000 0.000000000000000000 0.000000000000000000          0          0          0          0          0          0 0.000000000000000000 0.000000000000000000 0.000000000000000000 0.000000000000000000 0.000000000000000000 0.000000000000000000 0.000000000000000000 0.000000000000000000 0.000000000000000000 0.000000000000000000 0.000000000000000000 0.000000000000000000 0.000000000000000000 0.000000000000000000 0.000000000000000000 0.000000000000000000 0.000000000000000000 0.000000000000000000 0.000000000000000000 0.000000000000000000 0.000000000000000000          0 
2016-06-12T23:35:09.466723Z   1/7869765:18817         23         50    7869755     945261        301 12.00958251703000100 -12.0726013158450000 8.535058593750001000 -8.54929687500000100 3.323822022392000000 2.463134768988000000 5.057373046875000000 -5.06176757812500000 85.78782328789089000 -3.00000000409600000 -15.9284184917590000 -17.1132185837290000 -16.3377130689850000 -17.8959047050910000 0.053100586010000000 0.012451171892000000 639.0000000000000000       2712          0          0          0          0          0 0.000000000000000000 0.000000000000000000 0.000000000000000000 0.000000000000000000 0.000000000000000000 0.000000000000000000 0.000000000000000000 0.000000000000000000 0.000000000000000000 0.000000000000000000 0.000000000000000000 0.000000000000000000 0.000000000000000000 0.000000000000000000 0.000000000000000000 0.000000000000000000 0.000000000000000000          0          0          0          0          0          0 0.000000000000000000 0.000000000000000000 0.000000000000000000 0.000000000000000000 0.000000000000000000 0.000000000000000000 0.000000000000000000 0.000000000000000000 0.000000000000000000 0.000000000000000000 0.000000000000000000 0.000000000000000000 0.000000000000000000 0.000000000000000000 0.000000000000000000 0.000000000000000000 0.000000000000000000 0.000000000000000000 0.000000000000000000 0.000000000000000000 0.000000000000000000          0 
2016-06-12T23:35:39.466274Z   1/7869795:18817         23         50    7869786       6306        331 12.00958251703000100 -12.0726013158450000 8.535058593750001000 -8.54929687500000100 3.323822022392000000 2.463134768988000000 5.057373046875000000 -5.06469726562500000 84.06479775847350000 -3.00000000409600000 -15.9427797049950000 -17.0916767638750000 -16.2443651829510000 -17.8887240984730000 0.052368164134000000 0.012451171892000000 1649.000000000000000       3007          0          0          0          0          0 0.000000000000000000 0.000000000000000000 0.000000000000000000 0.000000000000000000 0.000000000000000000 0.000000000000000000 0.000000000000000000 0.000000000000000000 0.000000000000000000 0.000000000000000000 0.000000000000000000 0.000000000000000000 0.000000000000000000 0.000000000000000000 0.000000000000000000 0.000000000000000000 0.000000000000000000          0          0          0          0          0          0 0.000000000000000000 0.000000000000000000 0.000000000000000000 0.000000000000000000 0.000000000000000000 0.000000000000000000 0.000000000000000000 0.000000000000000000 0.000000000000000000 0.000000000000000000 0.000000000000000000 0.000000000000000000 0.000000000000000000 0.000000000000000000 0.000000000000000000 0.000000000000000000 0.000000000000000000 0.000000000000000000 0.000000000000000000 0.000000000000000000 0.000000000000000000          0 
2016-06-12T23:36:09.465825Z   1/7869825:18817         23         50    7869816      66338        361 12.00958251703000100 -12.0726013158450000 8.535058593750001000 -8.55087890625000000 3.323822022392000000 2.462768558050000000 5.057373046875000000 -5.06469726562500000 85.51273216958151000 -3.00000000409600000 -15.9212378851410000 -17.0629543374030000 -16.1653785101530000 -17.8815434918550020 0.052734375072000000 0.012817382830000000 1367.000000000000000       2890          0          0          0          0          0 0.000000000000000000 0.000000000000000000 0.000000000000000000 0.000000000000000000 0.000000000000000000 0.000000000000000000 0.000000000000000000 0.000000000000000000 0.000000000000000000 0.000000000000000000 0.000000000000000000 0.000000000000000000 0.000000000000000000 0.000000000000000000 0.000000000000000000 0.000000000000000000 0.000000000000000000          0          0          0          0          0          0 0.000000000000000000 0.000000000000000000 0.000000000000000000 0.000000000000000000 0.000000000000000000 0.000000000000000000 0.000000000000000000 0.000000000000000000 0.000000000000000000 0.000000000000000000 0.000000000000000000 0.000000000000000000 0.000000000000000000 0.000000000000000000 0.000000000000000000 0.000000000000000000 0.000000000000000000 0.000000000000000000 0.000000000000000000 0.000000000000000000 0.000000000000000000          0 
2016-06-12T23:36:39.465376Z   1/7869855:18817         23         50    7869846     127096        391 12.00778197992100000 -12.0726013158450000 8.535058593750001000 -8.55087890625000000 3.323822022392000000 2.463134768988000000 5.057373046875000000 -5.06469726562500000 84.82401858604078000 -3.00000000409600000 -15.9068766719050000 -17.0270513043130000 -16.1007530505910000 -17.8671822786190000 0.052734375072000000 0.012817382830000000 1393.000000000000000       3327          0          0          0          0          0 0.000000000000000000 0.000000000000000000 0.000000000000000000 0.000000000000000000 0.000000000000000000 0.000000000000000000 0.000000000000000000 0.000000000000000000 0.000000000000000000 0.000000000000000000 0.000000000000000000 0.000000000000000000 0.000000000000000000 0.000000000000000000 0.000000000000000000 0.000000000000000000 0.000000000000000000          0          0          0          0          0          0 0.000000000000000000 0.000000000000000000 0.000000000000000000 0.000000000000000000 0.000000000000000000 0.000000000000000000 0.000000000000000000 0.000000000000000000 0.000000000000000000 0.000000000000000000 0.000000000000000000 0.000000000000000000 0.000000000000000000 0.000000000000000000 0.000000000000000000 0.000000000000000000 0.000000000000000000 0.000000000000000000 0.000000000000000000 0.000000000000000000 0.000000000000000000          0 
2016-06-12T23:37:09.464927Z   1/7869885:18817         23         50    7869875     939422        421 12.00958251703000100 -12.0726013158450000 8.535058593750001000 -8.55087890625000000 3.323822022392000000 2.463134768988000000 5.057373046875000000 -5.06542968750000000 85.09967339921349000 -3.00000000409600000 -15.8925154586690010 -16.9839676646050000 -16.0002245579390000 -17.8528210653830000 0.052734375072000000 0.012817382830000000 1395.000000000000000       3304          0          0          0          0          0 0.000000000000000000 0.000000000000000000 0.000000000000000000 0.000000000000000000 0.000000000000000000 0.000000000000000000 0.000000000000000000 0.000000000000000000 0.000000000000000000 0.000000000000000000 0.000000000000000000 0.000000000000000000 0.000000000000000000 0.000000000000000000 0.000000000000000000 0.000000000000000000 0.000000000000000000          0          0          0          0          0          0 0.000000000000000000 0.000000000000000000 0.000000000000000000 0.000000000000000000 0.000000000000000000 0.000000000000000000 0.000000000000000000 0.000000000000000000 0.000000000000000000 0.000000000000000000 0.000000000000000000 0.000000000000000000 0.000000000000000000 0.000000000000000000 0.000000000000000000 0.000000000000000000 0.000000000000000000 0.000000000000000000 0.000000000000000000 0.000000000000000000 0.000000000000000000          0 
2016-06-12T23:37:39.464478Z   1/7869915:18817         23         50    7869905     999507        451 12.00958251703000100 -12.0726013158450000 8.535058593750001000 -8.55087890625000000 3.323822022392000000 2.462768558050000000 5.057373046875000000 -5.06542968750000000 85.03078090232867000 -3.00000000409600000 -15.8709736388150000 -16.9480646315150000 -15.9499603116130000 -17.8456404587650000 0.052368164134000000 0.012817382830000000 1375.000000000000000       3264          0          0          0          0          0 0.000000000000000000 0.000000000000000000 0.000000000000000000 0.000000000000000000 0.000000000000000000 0.000000000000000000 0.000000000000000000 0.000000000000000000 0.000000000000000000 0.000000000000000000 0.000000000000000000 0.000000000000000000 0.000000000000000000 0.000000000000000000 0.000000000000000000 0.000000000000000000 0.000000000000000000          0          0          0          0          0          0 0.000000000000000000 0.000000000000000000 0.000000000000000000 0.000000000000000000 0.000000000000000000 0.000000000000000000 0.000000000000000000 0.000000000000000000 0.000000000000000000 0.000000000000000000 0.000000000000000000 0.000000000000000000 0.000000000000000000 0.000000000000000000 0.000000000000000000 0.000000000000000000 0.000000000000000000 0.000000000000000000 0.000000000000000000 0.000000000000000000 0.000000000000000000          0 
2016-06-12T23:38:09.464029Z   1/7869945:18817         23         50    7869936      60499        481 12.00958251703000100 -12.0708007787360000 8.535058593750001000 -8.55087890625000000 3.323822022392000000 2.463134768988000000 5.058105468750000000 -5.06542968750000000 85.03078090232867000 -3.00000000409600000 -15.8494318189610000 -16.9193422050430000 -15.8996960652870000 -17.8312792455290000 0.052734375072000000 0.012817382830000000 1373.000000000000000       3500          0          0          0          0          0 0.000000000000000000 0.000000000000000000 0.000000000000000000 0.000000000000000000 0.000000000000000000 0.000000000000000000 0.000000000000000000 0.000000000000000000 0.000000000000000000 0.000000000000000000 0.000000000000000000 0.000000000000000000 0.000000000000000000 0.000000000000000000 0.000000000000000000 0.000000000000000000 0.000000000000000000          0          0          0          0          0          0 0.000000000000000000 0.000000000000000000 0.000000000000000000 0.000000000000000000 0.000000000000000000 0.000000000000000000 0.000000000000000000 0.000000000000000000 0.000000000000000000 0.000000000000000000 0.000000000000000000 0.000000000000000000 0.000000000000000000 0.000000000000000000 0.000000000000000000 0.000000000000000000 0.000000000000000000 0.000000000000000000 0.000000000000000000 0.000000000000000000 0.000000000000000000          0 
2016-06-12T23:38:39.463580Z   1/7869975:18817         23         50    7869966     122407        511 12.00958251703000100 -12.0708007787360000 8.535058593750001000 -8.55087890625000000 3.323822022392000000 2.463134768988000000 5.058105468750000000 -5.06542968750000000 85.03078090232867000 -3.00000000409600000 -15.8278899991070000 -16.8762585653350000 -15.8350706057250000 -17.8097374256750000 0.052368164134000000 0.012451171892000000 1361.000000000000000       3255          0          0          0          0          0 0.000000000000000000 0.000000000000000000 0.000000000000000000 0.000000000000000000 0.000000000000000000 0.000000000000000000 0.000000000000000000 0.000000000000000000 0.000000000000000000 0.000000000000000000 0.000000000000000000 0.000000000000000000 0.000000000000000000 0.000000000000000000 0.000000000000000000 0.000000000000000000 0.000000000000000000          0          0          0          0          0          0 0.000000000000000000 0.000000000000000000 0.000000000000000000 0.000000000000000000 0.000000000000000000 0.000000000000000000 0.000000000000000000 0.000000000000000000 0.000000000000000000 0.000000000000000000 0.000000000000000000 0.000000000000000000 0.000000000000000000 0.000000000000000000 0.000000000000000000 0.000000000000000000 0.000000000000000000 0.000000000000000000 0.000000000000000000 0.000000000000000000 0.000000000000000000          0 
2016-06-12T23:39:09.463131Z   1/7870005:18817         23         50    7869995     932734        541 12.00958251703000100 -12.0708007787360000 8.535058593750001000 -8.55246093750000100 3.323822022392000000 2.463134768988000000 5.058105468750000000 -5.06616210937500000 85.03078090232867000 -3.00000000409600000 -15.8063481792530000 -16.8475361388630000 -15.7848063593990010 -17.8025568190570000 0.052368164134000000 0.012451171892000000 1353.000000000000000       3001          0          0          0          0          0 0.000000000000000000 0.000000000000000000 0.000000000000000000 0.000000000000000000 0.000000000000000000 0.000000000000000000 0.000000000000000000 0.000000000000000000 0.000000000000000000 0.000000000000000000 0.000000000000000000 0.000000000000000000 0.000000000000000000 0.000000000000000000 0.000000000000000000 0.000000000000000000 0.000000000000000000          0          0          0          0          0          0 0.000000000000000000 0.000000000000000000 0.000000000000000000 0.000000000000000000 0.000000000000000000 0.000000000000000000 0.000000000000000000 0.000000000000000000 0.000000000000000000 0.000000000000000000 0.000000000000000000 0.000000000000000000 0.000000000000000000 0.000000000000000000 0.000000000000000000 0.000000000000000000 0.000000000000000000 0.000000000000000000 0.000000000000000000 0.000000000000000000 0.000000000000000000          0 
2016-06-12T23:39:39.462682Z   1/7870035:18817         23         50    7870025     992757        571 12.00958251703000100 -12.0708007787360000 8.535058593750001000 -8.55246093750000100 3.323822022392000000 2.462768558050000000 5.057373046875000000 -5.06616210937500000 85.03078090232867000 -3.00000000409600000 -15.7848063593990010 -16.8044524991550000 -15.7345421130730010 -17.7810149992030000 0.052368164134000000 0.012817382830000000 1351.000000000000000       3175          0          0          0          0          0 0.000000000000000000 0.000000000000000000 0.000000000000000000 0.000000000000000000 0.000000000000000000 0.000000000000000000 0.000000000000000000 0.000000000000000000 0.000000000000000000 0.000000000000000000 0.000000000000000000 0.000000000000000000 0.000000000000000000 0.000000000000000000 0.000000000000000000 0.000000000000000000 0.000000000000000000          0          0          0          0          0          0 0.000000000000000000 0.000000000000000000 0.000000000000000000 0.000000000000000000 0.000000000000000000 0.000000000000000000 0.000000000000000000 0.000000000000000000 0.000000000000000000 0.000000000000000000 0.000000000000000000 0.000000000000000000 0.000000000000000000 0.000000000000000000 0.000000000000000000 0.000000000000000000 0.000000000000000000 0.000000000000000000 0.000000000000000000 0.000000000000000000 0.000000000000000000          0 
2016-06-12T23:40:09.462233Z   1/7870065:18817         23         50    7870056      53685        601 11.99337768304900100 -12.2202453587830000 8.535058593750001000 -8.55246093750000100 3.323822022392000000 2.462768558050000000 5.057373046875000000 -5.06542968750000000 83.09601823202058000 1.524902345832000000 -16.6536597601770000 -17.7092089330230000 -16.5603118741430000 -24.2076579223130000 2.805175785080000000 0.012817382830000000 1013.000000000000000       3885          0          0          0          0          0 0.000000000000000000 0.000000000000000000 0.000000000000000000 0.000000000000000000 0.000000000000000000 0.000000000000000000 0.000000000000000000 0.000000000000000000 0.000000000000000000 0.000000000000000000 0.000000000000000000 0.000000000000000000 0.000000000000000000 0.000000000000000000 0.000000000000000000 0.000000000000000000 0.000000000000000000          0         29         58    7870055     828824          1 9.794531250000000000 -9.87226563008000000 4.914362328723000000 -4.92884521738000000 34.59179687500000000 23.32031250000000000 27.20703125000000000 0.165185546875000000 11.75246582152200000 0.692807617544000000 10.75163574329399900 0.694750976920000000 8.867392735420001000 2.945161134328000000 28.97417651394900000 16.21296142627200000 23.36549560498000000 -16.8870463101749800 -20.7893743724249870 -21.5698399848749900 31.09375000000000000       4246 
2016-06-12T23:40:39.461784Z   1/7870095:18817         23         50    7870086     121579        631 11.99157714594000100 -12.2382507298730000 8.535058593750001000 -8.55246093750000100 3.323822022392000000 2.462768558050000000 5.057373046875000000 -5.06542968750000000 85.16855177465982000 1.792602541510000000 -16.6752015800310000 -17.6302222602250000 -16.4597833814910000 -23.4321524075690000 2.807373050708000000 0.012817382830000000 1707.000000000000000       3489          0          0          0          0          0 0.000000000000000000 0.000000000000000000 0.000000000000000000 0.000000000000000000 0.000000000000000000 0.000000000000000000 0.000000000000000000 0.000000000000000000 0.000000000000000000 0.000000000000000000 0.000000000000000000 0.000000000000000000 0.000000000000000000 0.000000000000000000 0.000000000000000000 0.000000000000000000 0.000000000000000000          0         29         58    7870085     984317         31 9.788701171875000000 -9.87226563008000000 4.909494213489000000 -4.92884521738000000 34.98046875000000000 23.70898437500000000 28.17871093750000000 0.260410156250000000 11.77189941527400000 0.717099609744000000 10.75163574329399900 0.741391601944000000 8.871017998190000000 2.946132814016000000 28.98724560574600000 16.22122070361599800 23.84356201122000000 -16.4968135039499660 -20.3991415661999720 -21.5698399848749900 54.02539062500000000       4290 
2016-06-12T23:41:09.461335Z   1/7870125:18817         23         50    7870115     992886        661 11.99157714594000100 -12.2382507298730000 8.535058593750001000 -8.55246093750000100 3.324279786064000000 2.462768558050000000 5.057373046875000000 -5.06616210937500000 84.89295350544546000 1.721923830476000000 -16.6392985469410000 -17.5799580138990000 -16.4023385285470000 -22.7858978119490000 2.808471683522000000 0.012817382830000000 1463.000000000000000       3455          0          0          0          0          0 0.000000000000000000 0.000000000000000000 0.000000000000000000 0.000000000000000000 0.000000000000000000 0.000000000000000000 0.000000000000000000 0.000000000000000000 0.000000000000000000 0.000000000000000000 0.000000000000000000 0.000000000000000000 0.000000000000000000 0.000000000000000000 0.000000000000000000 0.000000000000000000 0.000000000000000000          0         29         58    7870115     917170         61 9.782871093750000000 -9.87226563008000000 4.907060155872000000 -4.92884521738000000 35.36914062500000000 23.70898437500000000 28.17871093750000000 0.262353515625000000 11.77675781371199900 0.715156250368000000 10.75163574329399900 0.740419922256000000 8.871017998190000000 2.946132814016000000 29.00031469754300000 16.22947998095999700 23.84356201122000000 -15.7163478914999930 -20.0089087599749860 -21.1796071786499740 53.83105468750000000       4527 
2016-06-12T23:41:39.460887Z   1/7870155:18817         23         50    7870146     115677        691 11.99157714594000100 -12.2382507298730000 8.535058593750001000 -8.55246093750000100 3.323822022392000000 2.462768558050000000 5.057373046875000000 -5.06616210937500000 85.03078090232867000 1.781616213370000000 -16.6249373337050000 -17.5440549808090000 -16.3520742822210000 -22.3407002016330020 2.810302738212000000 0.012817382830000000 1541.000000000000000       3571          0          0          0          0          0 0.000000000000000000 0.000000000000000000 0.000000000000000000 0.000000000000000000 0.000000000000000000 0.000000000000000000 0.000000000000000000 0.000000000000000000 0.000000000000000000 0.000000000000000000 0.000000000000000000 0.000000000000000000 0.000000000000000000 0.000000000000000000 0.000000000000000000 0.000000000000000000 0.000000000000000000          0         29         58    7870145     850022         91 9.782871093750000000 -9.87226563008000000 4.907060155872000000 -4.92884521738000000 35.75781250000000000 23.90332031250000000 28.17871093750000000 0.256523437500000000 11.77675781371199900 0.715156250368000000 10.75163574329399900 0.739448242568000000 8.871017998190000000 2.947104493704000000 29.00031469754300000 16.23773925830400000 23.85551367137600200 -14.9358822790499630 -19.6186759537499700 -20.7893743724249870 53.05371093750000000       4506 
2016-06-12T23:42:09.460438Z   1/7870185:18817         23         50    7870175     934853        721 11.98977660883100000 -12.2382507298730000 8.535058593750001000 -8.55246093750000100 3.323822022392000000 2.462768558050000000 5.057373046875000000 -5.06616210937500000 84.89295350544546000 1.859619143164000000 -16.6105761204690020 -17.5081519477190000 -16.3161712491310000 -22.0319341170590000 2.813598636654000000 0.012817382830000000 1435.000000000000000       3408          0          0          0          0          0 0.000000000000000000 0.000000000000000000 0.000000000000000000 0.000000000000000000 0.000000000000000000 0.000000000000000000 0.000000000000000000 0.000000000000000000 0.000000000000000000 0.000000000000000000 0.000000000000000000 0.000000000000000000 0.000000000000000000 0.000000000000000000 0.000000000000000000 0.000000000000000000 0.000000000000000000          0         29         58    7870175     828824        121 9.782871093750000000 -9.87712402851999900 4.909494213489000000 -4.93370361582000000 35.75781250000000000 23.51464843750000000 27.59570312500000000 0.157412109375000000 11.76704101683600000 0.829814453552000000 10.75649414173200000 0.779287109776000000 8.871017998190000000 2.947104493704000000 29.01338378934000000 16.24599853564800000 23.85551367137600200 -14.1554166665999900 -19.2284431475249850 -20.3991415661999720 56.35742187500000000       4152 
2016-06-12T23:42:39.459989Z   1/7870215:18817         23         50    7870206      99812        751 11.98977660883100000 -12.2382507298730000 8.535058593750001000 -8.55404296875000000 3.324279786064000000 2.462768558050000000 5.057373046875000000 -5.06616210937500000 85.37510226931528000 1.950073244850000000 -16.5315894476710000 -17.3717204219770000 -16.2300039697150000 -21.7231680324850000 2.818359378848000000 0.012817382830000000 1485.000000000000000       3431          0          0          0          0          0 0.000000000000000000 0.000000000000000000 0.000000000000000000 0.000000000000000000 0.000000000000000000 0.000000000000000000 0.000000000000000000 0.000000000000000000 0.000000000000000000 0.000000000000000000 0.000000000000000000 0.000000000000000000 0.000000000000000000 0.000000000000000000 0.000000000000000000 0.000000000000000000 0.000000000000000000          0         29         58    7870205     828824        151 9.782871093750000000 -9.87712402851999900 4.909494213489000000 -4.93370361582000000 35.75781250000000000 23.70898437500000000 27.59570312500000000 0.163242187500000000 11.76704101683600000 0.831757812928000000 10.75649414173200000 0.777343750400000000 8.871017998190000000 2.948076173392000000 29.01338378934000000 16.24599853564800000 23.86746533153200000 -13.7651838603749750 -18.8382103412999700 -20.0089087599749860 55.96875000000000000       4219 
2016-06-12T23:43:09.459540Z   1/7870245:18817         23         50    7870236     165643        781 11.99157714594000100 -12.2382507298730000 8.535058593750001000 -8.55404296875000000 3.324279786064000000 2.462768558050000000 5.057373046875000000 -5.06616210937500000 85.23741603836373000 1.995483401162000000 -16.5100476278170000 -17.3358173888870000 -16.1869203300070020 -21.4790274074730000 2.821289066352000000 0.012817382830000000 1485.000000000000000       2695          0          0          0          0          0 0.000000000000000000 0.000000000000000000 0.000000000000000000 0.000000000000000000 0.000000000000000000 0.000000000000000000 0.000000000000000000 0.000000000000000000 0.000000000000000000 0.000000000000000000 0.000000000000000000 0.000000000000000000 0.000000000000000000 0.000000000000000000 0.000000000000000000 0.000000000000000000 0.000000000000000000          0         29         58    7870235     981167        181 9.782871093750000000 -9.87712402851999900 4.907060155872000000 -4.93370361582000000 35.75781250000000000 24.09765625000000000 28.37304687500000000 0.256523437500000000 11.78161621215000000 0.712241211304000000 10.75649414173200000 0.736533203504000000 8.871017998190000000 2.948076173392000000 29.02645288113700000 16.25425781299199800 23.86746533153200000 -13.3749510541499600 -18.0577447288499700 -19.6186759537499700 54.41406250000000000       4531 
2016-06-12T23:43:39.459091Z   1/7870275:18817         23         50    7870266      13995        811 11.99157714594000100 -12.2382507298730000 8.535058593750001000 -8.55404296875000000 3.324279786064000000 2.462768558050000000 5.057373046875000000 -5.06616210937500000 86.26869316972096000 1.859619143164000000 -16.4813252013450000 -17.2424695028530000 -16.0863918373550000 -21.1559001096630000 2.826782230422000000 0.012817382830000000 1925.000000000000000       2977          0          0          0          0          0 0.000000000000000000 0.000000000000000000 0.000000000000000000 0.000000000000000000 0.000000000000000000 0.000000000000000000 0.000000000000000000 0.000000000000000000 0.000000000000000000 0.000000000000000000 0.000000000000000000 0.000000000000000000 0.000000000000000000 0.000000000000000000 0.000000000000000000 0.000000000000000000 0.000000000000000000          0         29         58    7870265     914019        211 9.782871093750000000 -9.88198242696000000 4.907060155872000000 -4.93370361582000000 35.75781250000000000 23.90332031250000000 28.37304687500000000 0.262353515625000000 11.78161621215000000 0.711269531616000000 10.75649414173200000 0.735561523816000000 8.874643260960001000 2.949047853080000000 29.02645288113700000 16.25425781299199800 23.86746533153200000 -12.5944854416999870 -17.6675119226249820 -19.2284431475249850 53.63671875000000000       4511 
2016-06-12T23:44:09.458642Z   1/7870305:18817         23         50    7870296     121897        841 11.98977660883100000 -12.2382507298730000 8.535058593750001000 -8.55404296875000000 3.324279786064000000 2.462768558050000000 5.057373046875000000 -5.06689453125000000 84.61712882747986000 1.636596681922000000 -16.4310609550190000 -17.1778440432910000 -16.0289469844110000 -21.0338297971570000 2.830078128864000000 0.012817382830000000 1371.000000000000000       3003          0          0          0          0          0 0.000000000000000000 0.000000000000000000 0.000000000000000000 0.000000000000000000 0.000000000000000000 0.000000000000000000 0.000000000000000000 0.000000000000000000 0.000000000000000000 0.000000000000000000 0.000000000000000000 0.000000000000000000 0.000000000000000000 0.000000000000000000 0.000000000000000000 0.000000000000000000 0.000000000000000000          0         29         58    7870295     846872        241 9.788701171875000000 -9.88198242696000000 4.907060155872000000 -4.93370361582000000 35.75781250000000000 23.90332031250000000 28.37304687500000000 0.256523437500000000 11.78161621215000000 0.711269531616000000 10.75649414173200000 0.735561523816000000 8.874643260960001000 2.949047853080000000 29.02645288113700000 16.25425781299199800 23.87941699168800000 -12.5944854416999870 -17.2772791163999670 -18.8382103412999700 54.21972656250000000       4493 
2016-06-12T23:44:39.458193Z   1/7870335:18817         23         50    7870326       2130        871 11.98977660883100000 -12.2382507298730000 8.535058593750001000 -8.55404296875000000 3.324279786064000000 2.462768558050000000 5.057373046875000000 -5.06689453125000000 85.16855177465982000 1.694458010126000000 -16.3879773153110000 -17.1275797969650000 -15.9715021314670000 -20.8758564515610000 2.832641605430000000 0.012817382830000000 1559.000000000000000       2769          0          0          0          0          0 0.000000000000000000 0.000000000000000000 0.000000000000000000 0.000000000000000000 0.000000000000000000 0.000000000000000000 0.000000000000000000 0.000000000000000000 0.000000000000000000 0.000000000000000000 0.000000000000000000 0.000000000000000000 0.000000000000000000 0.000000000000000000 0.000000000000000000 0.000000000000000000 0.000000000000000000          0         29         58    7870325     828824        271 9.788701171875000000 -9.88198242696000000 4.909494213489000000 -4.93613281504000000 35.75781250000000000 23.70898437500000000 27.59570312500000000 0.163242187500000000 11.77189941527400000 0.825927734800000000 10.76135254017000000 0.774428711336000000 8.871017998190000000 2.949047853080000000 29.03952197293400000 16.26251709033599700 23.87941699168800000 -11.8140198292499580 -17.2772791163999670 -18.8382103412999700 56.35742187500000000       3965 
2016-06-12T23:45:09.457744Z   1/7870365:18817         23         50    7870356     141935        901 11.98977660883100000 -12.2382507298730000 8.535058593750001000 -8.55404296875000000 3.324279786064000000 2.462768558050000000 5.057373046875000000 -5.06689453125000000 85.16855177465982000 1.690429689808000000 -16.3520742822210000 -17.0844961572570000 -15.9212378851410000 -20.7825085655270000 2.835205081996000000 0.012817382830000000 1551.000000000000000       2913          0          0          0          0          0 0.000000000000000000 0.000000000000000000 0.000000000000000000 0.000000000000000000 0.000000000000000000 0.000000000000000000 0.000000000000000000 0.000000000000000000 0.000000000000000000 0.000000000000000000 0.000000000000000000 0.000000000000000000 0.000000000000000000 0.000000000000000000 0.000000000000000000 0.000000000000000000 0.000000000000000000          0         29         58    7870355     828824        301 9.788701171875000000 -9.88198242696000000 4.909494213489000000 -4.93613281504000000 35.75781250000000000 23.90332031250000000 27.79003906250000000 0.165185546875000000 11.77189941527400000 0.827871094176000000 10.76135254017000000 0.773457031648000000 8.871017998190000000 2.950019532768000000 29.03952197293400000 16.26251709033599700 23.87941699168800000 -11.4237870230250000 -16.8870463101749800 -18.4479775350749830 55.38574218750000000       4028 
2016-06-12T23:45:39.457295Z   1/7870395:18817         23         50    7870385     984346        931 11.98977660883100000 -12.2382507298730000 8.535058593750001000 -8.55404296875000000 3.324279786064000000 2.462768558050000000 5.057373046875000000 -5.06689453125000000 84.96187427430664000 1.643188478806000000 -16.3305324623670000 -17.0414125175490000 -15.8709736388150000 -20.6173546133130000 2.837402347624000000 0.012817382830000000 1537.000000000000000       3023          0          0          0          0          0 0.000000000000000000 0.000000000000000000 0.000000000000000000 0.000000000000000000 0.000000000000000000 0.000000000000000000 0.000000000000000000 0.000000000000000000 0.000000000000000000 0.000000000000000000 0.000000000000000000 0.000000000000000000 0.000000000000000000 0.000000000000000000 0.000000000000000000 0.000000000000000000 0.000000000000000000          0         29         58    7870385     978017        331 9.788701171875000000 -9.88198242696000000 4.907060155872000000 -4.93613281504000000 35.75781250000000000 24.09765625000000000 28.56738281250000000 0.254580078125000000 11.78647461058800000 0.708354492552000000 10.76135254017000000 0.732646484752000000 8.874643260960001000 2.950019532768000000 29.03952197293400000 16.26251709033599700 23.89136865184400000 -11.0335542167999850 -16.4968135039499660 -18.0577447288499700 53.83105468750000000       4501 
2016-06-12T23:46:09.456846Z   1/7870425:18817         23         50    7870416     111105        961 11.98977660883100000 -12.2364501927640000 8.535058593750001000 -8.55404296875000000 3.324279786064000000 2.462768558050000000 5.057373046875000000 -5.06689453125000000 85.16855177465982000 1.665893556962000000 -16.3018100358950000 -16.9911482712230000 -15.8207093924890000 -20.4809230875710000 2.839965824190000000 0.012817382830000000 1527.000000000000000       3567          0          0          0          0          0 0.000000000000000000 0.000000000000000000 0.000000000000000000 0.000000000000000000 0.000000000000000000 0.000000000000000000 0.000000000000000000 0.000000000000000000 0.000000000000000000 0.000000000000000000 0.000000000000000000 0.000000000000000000 0.000000000000000000 0.000000000000000000 0.000000000000000000 0.000000000000000000 0.000000000000000000          0         29         58    7870415     910869        361 9.788701171875000000 -9.88198242696000000 4.907060155872000000 -4.93613281504000000 35.95214843750000000 24.09765625000000000 28.76171875000000000 0.260410156250000000 11.78647461058800000 0.707382812864000000 10.76135254017000000 0.731674805064000000 8.874643260960001000 2.950019532768000000 29.03952197293400000 16.26251709033599700 23.89136865184400000 -10.6433214105749700 -15.7163478914999930 -18.0577447288499700 53.83105468750000000       4484 
2016-06-12T23:46:39.456397Z   1/7870455:18817         23         50    7870446     172000        991 11.98977660883100000 -12.2382507298730000 8.535058593750001000 -8.55404296875000000 3.324279786064000000 2.462768558050000000 5.057373046875000000 -5.06689453125000000 85.65030581663171000 1.869873049428000000 -15.9499603116130000 -16.8547167454810000 -16.7039240065030000 -27.6543490989530020 0.052734375072000000 0.012817382830000000 1469.000000000000000       4073          0          0          0          0          0 0.000000000000000000 0.000000000000000000 0.000000000000000000 0.000000000000000000 0.000000000000000000 0.000000000000000000 0.000000000000000000 0.000000000000000000 0.000000000000000000 0.000000000000000000 0.000000000000000000 0.000000000000000000 0.000000000000000000 0.000000000000000000 0.000000000000000000 0.000000000000000000 0.000000000000000000          0         29         58    7870445     843722        391 9.788701171875000000 -9.88684082540000000 4.907060155872000000 -4.93613281504000000 35.95214843750000000 24.09765625000000000 28.76171875000000000 0.260410156250000000 11.79133300902600000 0.707382812864000000 10.76135254017000000 0.731674805064000000 8.874643260960001000 2.950991212456000000 29.05259106473100000 16.27077636768000000 23.89136865184400000 -10.2530886043499550 -15.7163478914999930 -17.6675119226249820 54.02539062500000000       4725 
2016-06-12T23:47:09.455948Z   1/7870485:18817         23         50    7870476     115324       1021 11.98977660883100000 -12.2382507298730000 8.535058593750001000 -8.55404296875000000 3.324279786064000000 2.462768558050000000 5.058105468750000000 -5.06689453125000000 84.89295350544546000 1.784545900874000000 -15.8494318189610000 -16.8044524991550000 -16.6895627932670000 -27.6399878857170000 0.052734375072000000 0.012817382830000000 1509.000000000000000       3656          0          0          0          0          0 0.000000000000000000 0.000000000000000000 0.000000000000000000 0.000000000000000000 0.000000000000000000 0.000000000000000000 0.000000000000000000 0.000000000000000000 0.000000000000000000 0.000000000000000000 0.000000000000000000 0.000000000000000000 0.000000000000000000 0.000000000000000000 0.000000000000000000 0.000000000000000000 0.000000000000000000          0         29         58    7870475     828824        421 9.788701171875000000 -9.88684082540000000 4.909494213489000000 -4.93856201425999950 35.95214843750000000 23.90332031250000000 27.98437500000000000 0.165185546875000000 11.77675781371199900 0.823012695736000000 10.76135254017000000 0.770541992584000000 8.874643260960001000 2.950991212456000000 29.05259106473100000 16.27077636768000000 23.89136865184400000 -9.86285579812499700 -15.7163478914999930 -17.2772791163999670 56.55175781250000000       4031 
2016-06-12T23:47:39.455499Z   1/7870515:18817         23         50    7870505     931367       1051 11.98977660883100000 -12.2382507298730000 8.535058593750001000 -8.55404296875000000 3.324279786064000000 2.462768558050000000 5.057373046875000000 -5.06689453125000000 85.23741603836373000 1.813842775914000000 -15.8422512123430000 -16.7398270395930000 -16.5818536939970000 -27.4604727202670000 0.052734375072000000 0.012817382830000000 1527.000000000000000       3135          0          0          0          0          0 0.000000000000000000 0.000000000000000000 0.000000000000000000 0.000000000000000000 0.000000000000000000 0.000000000000000000 0.000000000000000000 0.000000000000000000 0.000000000000000000 0.000000000000000000 0.000000000000000000 0.000000000000000000 0.000000000000000000 0.000000000000000000 0.000000000000000000 0.000000000000000000 0.000000000000000000          0         29         58    7870505     828824        451 9.788701171875000000 -9.88684082540000000 4.909494213489000000 -4.93856201425999950 35.95214843750000000 23.90332031250000000 27.98437500000000000 0.163242187500000000 11.77675781371199900 0.823984375424000000 10.76135254017000000 0.770541992584000000 8.871017998190000000 2.950991212456000000 29.05259106473100000 16.27077636768000000 23.89136865184400000 -9.47262299189998200 -15.3261150852749780 -17.2772791163999670 56.35742187500000000       4091 
2016-06-12T23:48:09.455050Z   1/7870545:18817         23         50    7870536     100323       1081 11.98977660883100000 -12.2364501927640000 8.535058593750001000 -8.55404296875000000 3.324279786064000000 2.462768558050000000 5.058105468750000000 -5.06689453125000000 85.03078090232867000 1.791503908696000000 -15.7919869660170000 -16.6752015800310000 -16.4956864145810000 -27.3384024077610000 0.052734375072000000 0.012817382830000000 1495.000000000000000       3154          0          0          0          0          0 0.000000000000000000 0.000000000000000000 0.000000000000000000 0.000000000000000000 0.000000000000000000 0.000000000000000000 0.000000000000000000 0.000000000000000000 0.000000000000000000 0.000000000000000000 0.000000000000000000 0.000000000000000000 0.000000000000000000 0.000000000000000000 0.000000000000000000 0.000000000000000000 0.000000000000000000          0         29         58    7870535     974866        481 9.788701171875000000 -9.88684082540000000 4.907060155872000000 -4.93613281504000000 35.95214843750000000 24.09765625000000000 28.76171875000000000 0.258466796875000000 11.79133300902600000 0.704467773800000000 10.76135254017000000 0.728759766000000000 8.874643260960001000 2.950991212456000000 29.05259106473100000 16.27903564502400000 23.90332031200000000 -9.08239018567496700 -14.9358822790499630 -16.8870463101749800 53.83105468750000000       4470 
2016-06-12T23:48:39.454602Z   1/7870575:18817         23         50    7870566     165151       1111 11.98977660883100000 -12.2364501927640000 8.535058593750001000 -8.55404296875000000 3.324279786064000000 2.462768558050000000 5.057373046875000000 -5.06689453125000000 84.96187427430664000 1.784545900874000000 -15.7560839329270000 -16.6177567270870000 -16.3807967086930000 -27.1517066356930000 0.052368164134000000 0.012817382830000000 1493.000000000000000       3050          0          0          0          0          0 0.000000000000000000 0.000000000000000000 0.000000000000000000 0.000000000000000000 0.000000000000000000 0.000000000000000000 0.000000000000000000 0.000000000000000000 0.000000000000000000 0.000000000000000000 0.000000000000000000 0.000000000000000000 0.000000000000000000 0.000000000000000000 0.000000000000000000 0.000000000000000000 0.000000000000000000          0         29         58    7870565     907719        511 9.788701171875000000 -9.88684082540000000 4.907060155872000000 -4.93856201425999950 35.95214843750000000 24.09765625000000000 28.76171875000000000 0.258466796875000000 11.79133300902600000 0.704467773800000000 10.76135254017000000 0.728759766000000000 8.874643260960001000 2.951962892144000000 29.06566015652800000 16.27903564502400000 23.90332031200000000 -8.69215737944995200 -14.9358822790499630 -16.8870463101749800 52.66503906250000000       4701 
2016-06-12T23:49:09.454153Z   1/7870605:18817         23         50    7870596      72539       1141 11.98977660883100000 -12.2364501927640000 8.535058593750001000 -8.55404296875000000 3.324279786064000000 2.462768558050000000 5.057373046875000000 -5.06689453125000000 85.03078090232867000 1.788574221192000000 -15.7201808998370000 -16.5244088410530000 -16.3018100358950000 -27.0870811761310000 0.052734375072000000 0.012817382830000000 1489.000000000000000       2853          0          0          0          0          0 0.000000000000000000 0.000000000000000000 0.000000000000000000 0.000000000000000000 0.000000000000000000 0.000000000000000000 0.000000000000000000 0.000000000000000000 0.000000000000000000 0.000000000000000000 0.000000000000000000 0.000000000000000000 0.000000000000000000 0.000000000000000000 0.000000000000000000 0.000000000000000000 0.000000000000000000          0         29         58    7870595     840571        541 9.788701171875000000 -9.88684082540000000 4.907060155872000000 -4.93856201425999950 36.14648437500000000 24.09765625000000000 28.76171875000000000 0.254580078125000000 11.79133300902600000 0.703496094112000000 10.76135254017000000 0.727788086312000000 8.874643260960001000 2.951962892144000000 29.06566015652800000 16.27903564502400000 23.90332031200000000 -8.30192457322499400 -14.5456494728250050 -16.4968135039499660 53.63671875000000000       4428 
2016-06-12T23:49:39.453704Z   1/7870635:18817         23         50    7870626     161760       1171 11.98977660883100000 -12.2364501927640000 8.535058593750001000 -8.55562500000000100 3.324279786064000000 2.462768558050000000 5.057373046875000000 -5.06689453125000000 85.09967339921349000 1.780151369618000000 -15.7058196866010000 -16.4813252013450000 -16.2443651829510000 -26.9865526834790000 0.052368164134000000 0.012817382830000000 1521.000000000000000       3430          0          0          0          0          0 0.000000000000000000 0.000000000000000000 0.000000000000000000 0.000000000000000000 0.000000000000000000 0.000000000000000000 0.000000000000000000 0.000000000000000000 0.000000000000000000 0.000000000000000000 0.000000000000000000 0.000000000000000000 0.000000000000000000 0.000000000000000000 0.000000000000000000 0.000000000000000000 0.000000000000000000          0         29         58    7870625     828824        571 9.788701171875000000 -9.89169922384000000 4.909494213489000000 -4.93856201425999950 35.95214843750000000 23.90332031250000000 27.98437500000000000 0.165185546875000000 11.78161621215000000 0.820097656672000000 10.76621093860800000 0.767626953520000000 8.874643260960001000 2.951962892144000000 29.06566015652800000 16.27903564502400000 23.90332031200000000 -7.91169176699997900 -14.5456494728250050 -16.4968135039499660 54.80273437500000000       4078 
2016-06-12T23:50:09.453255Z   1/7870665:18817         23         50    7870656      61789       1201 11.98977660883100000 -12.2364501927640000 8.535058593750001000 -8.55562500000000100 3.324279786064000000 2.462768558050000000 5.057373046875000000 -5.06689453125000000 85.03078090232867000 1.772827150858000000 -15.6842778667470000 -16.4310609550190000 -16.1869203300070020 -26.8716629775910000 0.052368164134000000 0.012817382830000000 1509.000000000000000       3482          0          0          0          0          0 0.000000000000000000 0.000000000000000000 0.000000000000000000 0.000000000000000000 0.000000000000000000 0.000000000000000000 0.000000000000000000 0.000000000000000000 0.000000000000000000 0.000000000000000000 0.000000000000000000 0.000000000000000000 0.000000000000000000 0.000000000000000000 0.000000000000000000 0.000000000000000000 0.000000000000000000          0         29         58    7870655     828824        601 9.788701171875000000 -9.89169922384000000 4.909494213489000000 -4.93856201425999950 35.95214843750000000 23.90332031250000000 27.98437500000000000 0.163242187500000000 11.79133300902600000 0.679204101912000000 10.76621093860800000 0.679204101912000000 8.871017998190000000 2.951962892144000000 29.06566015652800000 16.27903564502400000 23.90332031200000000 -7.91169176699997900 -14.1554166665999900 -16.4968135039499660 56.55175781250000000       4422 
2016-06-12T23:50:39.452806Z   1/7870695:18817         23         50    7870686     144427       1231 11.98977660883100000 -12.2364501927640000 8.535058593750001000 -8.55562500000000100 3.324279786064000000 2.462768558050000000 5.057373046875000000 -5.06689453125000000 84.75506950638533000 1.755981447710000000 -15.6052911939490000 -16.3736161020750000 -16.1366560836810000 -26.7998569114110020 0.052368164134000000 0.012817382830000000 1463.000000000000000       3253          0          0          0          0          0 0.000000000000000000 0.000000000000000000 0.000000000000000000 0.000000000000000000 0.000000000000000000 0.000000000000000000 0.000000000000000000 0.000000000000000000 0.000000000000000000 0.000000000000000000 0.000000000000000000 0.000000000000000000 0.000000000000000000 0.000000000000000000 0.000000000000000000 0.000000000000000000 0.000000000000000000          0         29         58    7870685     971716        631 9.788701171875000000 -9.89169922384000000 4.907060155872000000 -4.93856201425999950 36.14648437500000000 24.09765625000000000 28.95605468750000000 0.254580078125000000 11.79619140746399900 0.701552734736000000 10.76621093860800000 0.725844726936000000 8.874643260960001000 2.951962892144000000 29.06566015652800000 16.27903564502400000 23.90332031200000000 -7.52145896077496450 -14.1554166665999900 -16.1065806977249500 54.02539062500000000       4689 
2016-06-12T23:51:09.452357Z   1/7870725:18817         23         50    7870715     963850       1261 11.98977660883100000 -12.2364501927640000 8.535058593750001000 -8.55404296875000000 3.324279786064000000 2.462768558050000000 5.057373046875000000 -5.06689453125000000 85.03078090232867000 1.748657228950000000 -15.5622075542410000 -16.3233518557490000 -16.0792112307370020 -26.7065090253770000 0.052001953196000000 0.012817382830000000 1515.000000000000000       3482          0          0          0          0          0 0.000000000000000000 0.000000000000000000 0.000000000000000000 0.000000000000000000 0.000000000000000000 0.000000000000000000 0.000000000000000000 0.000000000000000000 0.000000000000000000 0.000000000000000000 0.000000000000000000 0.000000000000000000 0.000000000000000000 0.000000000000000000 0.000000000000000000 0.000000000000000000 0.000000000000000000          0         29         58    7870715     904569        661 9.788701171875000000 -9.89169922384000000 4.907060155872000000 -4.93856201425999950 36.14648437500000000 24.29199218750000000 28.76171875000000000 0.264296875000000000 11.79619140746399900 0.701552734736000000 10.76621093860800000 0.724873047248000000 8.874643260960001000 2.951962892144000000 29.06566015652800000 16.28729492236799800 23.91527197215600300 -7.13122615454995000 -13.7651838603749750 -16.1065806977249500 54.02539062500000000       4675 
2016-06-12T23:51:39.451908Z   1/7870755:18817         23         50    7870746      83809       1291 11.98977660883100000 -12.2364501927640000 8.535058593750001000 -8.55562500000000100 3.324279786064000000 2.462768558050000000 5.057373046875000000 -5.06762695312500000 85.03078090232867000 1.736938478933999900 -15.5119433079150000 -16.2659070028050000 -16.0217663777930000 -26.6347029591970000 0.052001953196000000 0.012817382830000000 1519.000000000000000       3000          0          0          0          0          0 0.000000000000000000 0.000000000000000000 0.000000000000000000 0.000000000000000000 0.000000000000000000 0.000000000000000000 0.000000000000000000 0.000000000000000000 0.000000000000000000 0.000000000000000000 0.000000000000000000 0.000000000000000000 0.000000000000000000 0.000000000000000000 0.000000000000000000 0.000000000000000000 0.000000000000000000          0         29         58    7870745     837421        691 9.782871093750000000 -9.89169922384000000 4.907060155872000000 -4.93856201425999950 36.14648437500000000 24.09765625000000000 28.95605468750000000 0.258466796875000000 11.79619140746399900 0.700581055048000000 10.76621093860800000 0.724873047248000000 8.874643260960001000 2.951962892144000000 29.07872924832500000 16.28729492236799800 23.91527197215600300 -6.74099334832499150 -13.7651838603749750 -15.7163478914999930 53.44238281250000000       4392 
2016-06-12T23:52:09.451459Z   1/7870785:18817         23         50    7870776     164534       1321 11.98977660883100000 -12.2364501927640000 8.535058593750001000 -8.55562500000000100 3.324279786064000000 2.462768558050000000 5.057373046875000000 -5.06762695312500000 84.96187427430664000 1.728515627360000000 -15.4975820946790000 -16.2300039697150000 -15.9571409182310000 -26.5557162863990000 0.052368164134000000 0.012817382830000000 1501.000000000000000       3193          0          0          0          0          0 0.000000000000000000 0.000000000000000000 0.000000000000000000 0.000000000000000000 0.000000000000000000 0.000000000000000000 0.000000000000000000 0.000000000000000000 0.000000000000000000 0.000000000000000000 0.000000000000000000 0.000000000000000000 0.000000000000000000 0.000000000000000000 0.000000000000000000 0.000000000000000000 0.000000000000000000          0         29         58    7870775     828824        721 9.788701171875000000 -9.89169922384000000 4.909494213489000000 -4.94099121348000000 36.14648437500000000 24.09765625000000000 28.17871093750000000 0.161298828125000000 11.78161621215000000 0.817182617608000000 10.76621093860800000 0.764711914456000000 8.874643260960001000 2.952934571832000000 29.07872924832500000 16.28729492236799800 23.91527197215600300 -6.35076054209997700 -13.7651838603749750 -15.7163478914999930 56.16308593750000000       4138 
2016-06-12T23:52:39.451010Z   1/7870815:18817         23         50    7870806      70115       1351 11.98977660883100000 -12.2364501927640000 8.535058593750001000 -8.55562500000000100 3.324279786064000000 2.462768558050000000 5.057373046875000000 -5.06762695312500000 85.09967339921349000 1.715698244530000000 -15.4473178483530000 -16.1797397233890000 -15.9212378851410000 -26.5054520400730000 0.052001953196000000 0.012817382830000000 1543.000000000000000       2959          0          0          0          0          0 0.000000000000000000 0.000000000000000000 0.000000000000000000 0.000000000000000000 0.000000000000000000 0.000000000000000000 0.000000000000000000 0.000000000000000000 0.000000000000000000 0.000000000000000000 0.000000000000000000 0.000000000000000000 0.000000000000000000 0.000000000000000000 0.000000000000000000 0.000000000000000000 0.000000000000000000          0         29         58    7870805     828824        751 9.788701171875000000 -9.89169922384000000 4.907060155872000000 -4.94099121348000000 35.95214843750000000 24.09765625000000000 28.17871093750000000 0.159355468750000000 11.79619140746399900 0.675317383160000000 10.76621093860800000 0.674345703472000000 8.871017998190000000 2.952934571832000000 29.07872924832500000 16.28729492236799800 23.91527197215600300 -5.96052773587496200 -13.3749510541499600 -15.7163478914999930 55.19140625000000000       4465 
2016-06-12T23:53:09.450561Z   1/7870845:18817         23         50    7870836     144698       1381 11.98977660883100000 -12.2364501927640000 8.535058593750001000 -8.55562500000000100 3.324279786064000000 2.462768558050000000 5.057373046875000000 -5.06762695312500000 85.03078090232867000 1.716064455468000000 -15.4042342086450000 -16.1366560836810000 -15.8709736388150000 -26.4480071871290000 0.052001953196000000 0.012817382830000000 1499.000000000000000       3127          0          0          0          0          0 0.000000000000000000 0.000000000000000000 0.000000000000000000 0.000000000000000000 0.000000000000000000 0.000000000000000000 0.000000000000000000 0.000000000000000000 0.000000000000000000 0.000000000000000000 0.000000000000000000 0.000000000000000000 0.000000000000000000 0.000000000000000000 0.000000000000000000 0.000000000000000000 0.000000000000000000          0         29         58    7870835     968566        781 9.782871093750000000 -9.89169922384000000 4.907060155872000000 -4.93856201425999950 36.14648437500000000 24.29199218750000000 28.95605468750000000 0.260410156250000000 11.79619140746399900 0.698637695672000000 10.76621093860800000 0.722929687872000000 8.874643260960001000 2.952934571832000000 29.07872924832500000 16.28729492236799800 23.91527197215600300 -5.57029492965000400 -12.9847182479250020 -15.3261150852749780 52.85937500000000000       4394 
2016-06-12T23:53:39.450112Z   1/7870875:18817         23         50    7870865     965996       1411 11.98797607172200000 -12.2364501927640000 8.535058593750001000 -8.55562500000000100 3.324279786064000000 2.462768558050000000 5.057373046875000000 -5.06762695312500000 85.37510226931528000 1.734741213306000000 -15.3755117821730000 -16.0648500175010000 -15.8063481792530000 -26.3833817275670000 0.052001953196000000 0.012817382830000000 1575.000000000000000       3282          0          0          0          0          0 0.000000000000000000 0.000000000000000000 0.000000000000000000 0.000000000000000000 0.000000000000000000 0.000000000000000000 0.000000000000000000 0.000000000000000000 0.000000000000000000 0.000000000000000000 0.000000000000000000 0.000000000000000000 0.000000000000000000 0.000000000000000000 0.000000000000000000 0.000000000000000000 0.000000000000000000          0         29         58    7870865     901418        811 9.788701171875000000 -9.89169922384000000 4.907060155872000000 -4.93856201425999950 36.14648437500000000 24.09765625000000000 28.95605468750000000 0.260410156250000000 11.79619140746399900 0.697666015984000000 10.76621093860800000 0.721958008184000000 8.874643260960001000 2.952934571832000000 29.07872924832500000 16.28729492236799800 23.91527197215600300 -5.57029492965000400 -12.9847182479250020 -15.3261150852749780 53.24804687500000000       4371 
2016-06-12T23:54:09.449663Z   1/7870905:18817         23         50    7870896     104058       1441 11.98797607172200000 -12.2364501927640000 8.533476562500000000 -8.55562500000000100 3.324279786064000000 2.462768558050000000 5.057373046875000000 -5.06762695312500000 85.03078090232867000 1.708007814832000000 -15.3396087490830000 -16.0217663777930000 -15.7560839329270000 -26.3115756613870000 0.052001953196000000 0.012817382830000000 1501.000000000000000       3445          0          0          0          0          0 0.000000000000000000 0.000000000000000000 0.000000000000000000 0.000000000000000000 0.000000000000000000 0.000000000000000000 0.000000000000000000 0.000000000000000000 0.000000000000000000 0.000000000000000000 0.000000000000000000 0.000000000000000000 0.000000000000000000 0.000000000000000000 0.000000000000000000 0.000000000000000000 0.000000000000000000          0         29         58    7870895     834271        841 9.782871093750000000 -9.89169922384000000 4.907060155872000000 -4.93856201425999950 36.14648437500000000 24.29199218750000000 28.95605468750000000 0.260410156250000000 11.79619140746399900 0.697666015984000000 10.76621093860800000 0.721958008184000000 8.874643260960001000 2.952934571832000000 29.07872924832500000 16.29555419971199700 23.91527197215600300 -5.18006212342498900 -12.9847182479250020 -14.9358822790499630 53.24804687500000000       4607 
2016-06-12T23:54:39.449214Z   1/7870935:18817         23         50    7870925     924246       1471 11.98977660883100000 -12.2364501927640000 8.533476562500000000 -8.55562500000000100 3.324279786064000000 2.462768558050000000 5.057373046875000000 -5.06762695312500000 84.96187427430664000 1.709106447646000000 -15.3037057159930000 -15.9786827380850000 -15.7130002932190000 -26.2541308084430000 0.052001953196000000 0.013183593768000000 1507.000000000000000       3394          0          0          0          0          0 0.000000000000000000 0.000000000000000000 0.000000000000000000 0.000000000000000000 0.000000000000000000 0.000000000000000000 0.000000000000000000 0.000000000000000000 0.000000000000000000 0.000000000000000000 0.000000000000000000 0.000000000000000000 0.000000000000000000 0.000000000000000000 0.000000000000000000 0.000000000000000000 0.000000000000000000          0         29         58    7870925     828824        871 9.788701171875000000 -9.89655762228000000 4.907060155872000000 -4.94099121348000000 36.14648437500000000 24.09765625000000000 28.17871093750000000 0.169072265625000000 11.78647461058800000 0.814267578544000000 10.76621093860800000 0.761796875392000000 8.871017998190000000 2.952934571832000000 29.07872924832500000 16.29555419971199700 23.91527197215600300 -4.78982931719997400 -12.9847182479250020 -14.9358822790499630 55.38574218750000000       4186 
2016-06-12T23:55:09.448765Z   1/7870965:18817         23         50    7870956      90055       1501 11.98977660883100000 -12.2364501927640000 8.533476562500000000 -8.55720703125000000 3.324279786064000000 2.462768558050000000 5.057373046875000000 -5.06762695312500000 85.30626620001874000 1.714233400778000000 -15.2606220762850000 -15.9355990983770000 -15.6699166535110000 -26.2182277753530000 0.052001953196000000 0.012817382830000000 1549.000000000000000       3441          0          0          0          0          0 0.000000000000000000 0.000000000000000000 0.000000000000000000 0.000000000000000000 0.000000000000000000 0.000000000000000000 0.000000000000000000 0.000000000000000000 0.000000000000000000 0.000000000000000000 0.000000000000000000 0.000000000000000000 0.000000000000000000 0.000000000000000000 0.000000000000000000 0.000000000000000000 0.000000000000000000          0         29         58    7870955     828824        901 9.788701171875000000 -9.89655762228000000 4.907060155872000000 -4.94099121348000000 36.14648437500000000 24.09765625000000000 28.37304687500000000 0.163242187500000000 11.79619140746399900 0.672402344096000000 10.76621093860800000 0.670458984720000000 8.871017998190000000 2.952934571832000000 29.07872924832500000 16.29555419971199700 23.91527197215600300 -4.78982931719997400 -12.5944854416999870 -14.9358822790499630 55.58007812500000000       4518 
2016-06-12T23:55:39.448316Z   1/7870995:18817         23         50    7870986     149938       1531 11.98797607172200000 -12.2364501927640000 8.535058593750001000 -8.55720703125000000 3.324279786064000000 2.462402347112000000 5.057373046875000000 -5.06762695312500000 85.03078090232867000 1.718627932033999900 -15.2390802564310000 -15.8996960652870000 -15.6268330138030010 -26.1536023157910000 0.052001953196000000 0.012817382830000000 1503.000000000000000       3451          0          0          0          0          0 0.000000000000000000 0.000000000000000000 0.000000000000000000 0.000000000000000000 0.000000000000000000 0.000000000000000000 0.000000000000000000 0.000000000000000000 0.000000000000000000 0.000000000000000000 0.000000000000000000 0.000000000000000000 0.000000000000000000 0.000000000000000000 0.000000000000000000 0.000000000000000000 0.000000000000000000          0         29         58    7870985     965416        931 9.782871093750000000 -9.89655762228000000 4.904626098255000000 -4.93856201425999950 36.14648437500000000 24.29199218750000000 29.15039062500000000 0.264296875000000000 11.79619140746399900 0.695722656608000000 10.76621093860800000 0.720014648808000000 8.874643260960001000 2.952934571832000000 29.09179834012200000 16.29555419971199700 23.92722363231200000 -4.39959651097495900 -12.5944854416999870 -14.5456494728250050 53.44238281250000000       4358 
2016-06-12T23:56:09.447868Z   1/7871025:18817         23         50    7871015     972268       1561 11.98797607172200000 -12.2346496556550000 8.535058593750001000 -8.55720703125000000 3.324737549736000000 2.462768558050000000 5.057373046875000000 -5.06762695312500000 85.03078090232867000 1.699218752320000000 -15.4975820946790000 -15.5406657343870000 -15.0882875174530000 -58.7248339350390000 0.052001953196000000 0.012817382830000000 1511.000000000000000       3311          0          0          0          0          0 0.000000000000000000 0.000000000000000000 0.000000000000000000 0.000000000000000000 0.000000000000000000 0.000000000000000000 0.000000000000000000 0.000000000000000000 0.000000000000000000 0.000000000000000000 0.000000000000000000 0.000000000000000000 0.000000000000000000 0.000000000000000000 0.000000000000000000 0.000000000000000000 0.000000000000000000          0         29         58    7871015     898268        961 9.782871093750000000 -9.89169922384000000 4.904626098255000000 -4.93856201425999950 36.34082031250000000 24.29199218750000000 29.15039062500000000 0.260410156250000000 11.79619140746399900 0.695722656608000000 10.76621093860800000 0.719042969120000000 8.874643260960001000 2.952934571832000000 29.09179834012200000 16.29555419971199700 23.92722363231200000 -4.00936370475000100 -12.2042526354749730 -14.5456494728250050 54.02539062500000000       4592 
2016-06-12T23:56:39.447419Z   1/7871055:18817         23         50    7871046     101198       1591 11.98977660883100000 -12.2346496556550000 8.533476562500000000 -8.55720703125000000 3.324279786064000000 2.462768558050000000 5.057373046875000000 -5.06762695312500000 85.09967339921349000 1.704345705452000000 -15.4616790615890000 -15.5047627012970000 -15.0380232711270000 -58.7320145416570000 0.052001953196000000 0.012817382830000000 1517.000000000000000       3161          0          0          0          0          0 0.000000000000000000 0.000000000000000000 0.000000000000000000 0.000000000000000000 0.000000000000000000 0.000000000000000000 0.000000000000000000 0.000000000000000000 0.000000000000000000 0.000000000000000000 0.000000000000000000 0.000000000000000000 0.000000000000000000 0.000000000000000000 0.000000000000000000 0.000000000000000000 0.000000000000000000          0         29         58    7871045     831121        991 9.782871093750000000 -9.89655762228000000 4.904626098255000000 -4.94099121348000000 36.34082031250000000 24.48632812500000000 29.15039062500000000 0.264296875000000000 11.79619140746399900 0.694750976920000000 10.76621093860800000 0.719042969120000000 8.874643260960001000 2.952934571832000000 29.09179834012200000 16.29555419971199700 23.92722363231200000 -3.61913089852498600 -12.2042526354749730 -14.1554166665999900 54.80273437500000000       4580 
2016-06-12T23:57:09.446970Z   1/7871085:18817         23         50    7871075     923388       1621 11.98977660883100000 -12.2346496556550000 8.533476562500000000 -8.55562500000000100 3.324737549736000000 2.462768558050000000 5.057373046875000000 -5.06762695312500000 85.03078090232867000 1.700317385133999900 -15.4257760284990000 -15.4544984549710000 -14.9949396314190000 -58.7248339350390000 0.052001953196000000 0.012817382830000000 1519.000000000000000       3303          0          0          0          0          0 0.000000000000000000 0.000000000000000000 0.000000000000000000 0.000000000000000000 0.000000000000000000 0.000000000000000000 0.000000000000000000 0.000000000000000000 0.000000000000000000 0.000000000000000000 0.000000000000000000 0.000000000000000000 0.000000000000000000 0.000000000000000000 0.000000000000000000 0.000000000000000000 0.000000000000000000          0         29         58    7871075     828824       1021 9.788701171875000000 -9.89655762228000000 4.907060155872000000 -4.94342041270000000 36.34082031250000000 24.09765625000000000 28.37304687500000000 0.163242187500000000 11.78647461058800000 0.812324219168000000 10.76621093860800000 0.758881836328000000 8.871017998190000000 2.952934571832000000 29.09179834012200000 16.29555419971199700 23.92722363231200000 -3.61913089852498600 -12.2042526354749730 -14.1554166665999900 54.41406250000000000       4230 
2016-06-12T23:57:39.446521Z   1/7871115:18817         23         50    7871106      93329       1651 11.98797607172200000 -12.2346496556550000 8.533476562500000000 -8.55562500000000100 3.324279786064000000 2.462768558050000000 5.057373046875000000 -5.06835937500000000 85.09967339921349000 1.700317385133999900 -15.3826923887910000 -15.4114148152630000 -14.9446753850930000 -58.7248339350390000 0.052001953196000000 0.012817382830000000 1521.000000000000000       3347          0          0          0          0          0 0.000000000000000000 0.000000000000000000 0.000000000000000000 0.000000000000000000 0.000000000000000000 0.000000000000000000 0.000000000000000000 0.000000000000000000 0.000000000000000000 0.000000000000000000 0.000000000000000000 0.000000000000000000 0.000000000000000000 0.000000000000000000 0.000000000000000000 0.000000000000000000 0.000000000000000000          0         29         58    7871105     828824       1051 9.782871093750000000 -9.89655762228000000 4.907060155872000000 -4.94099121348000000 36.14648437500000000 24.09765625000000000 28.37304687500000000 0.165185546875000000 11.80104980590200000 0.670458984720000000 10.77106933704599900 0.668515625344000000 8.871017998190000000 2.953906251520000000 29.09179834012200000 16.30381347705600000 23.92722363231200000 -3.22889809229997130 -11.8140198292499580 -14.1554166665999900 55.96875000000000000       4320 
2016-06-12T23:58:09.446072Z   1/7871145:18817         23         50    7871136     155207       1681 11.98797607172200000 -12.2346496556550000 8.533476562500000000 -8.55720703125000000 3.324279786064000000 2.462402347112000000 5.057373046875000000 -5.06835937500000000 85.37510226931528000 1.698852541382000000 -15.3467893557010000 -15.3683311755550000 -14.8944111387670000 -58.7320145416570000 0.052001953196000000 0.012817382830000000 1587.000000000000000       3138          0          0          0          0          0 0.000000000000000000 0.000000000000000000 0.000000000000000000 0.000000000000000000 0.000000000000000000 0.000000000000000000 0.000000000000000000 0.000000000000000000 0.000000000000000000 0.000000000000000000 0.000000000000000000 0.000000000000000000 0.000000000000000000 0.000000000000000000 0.000000000000000000 0.000000000000000000 0.000000000000000000          0         29         58    7871135     962265       1081 9.782871093750000000 -9.89655762228000000 4.904626098255000000 -4.94099121348000000 36.34082031250000000 24.29199218750000000 29.15039062500000000 0.256523437500000000 11.80104980590200000 0.693779297232000000 10.76621093860800000 0.717099609744000000 8.874643260960001000 2.953906251520000000 29.09179834012200000 16.29555419971199700 23.92722363231200000 -2.83866528607495640 -11.8140198292499580 -14.1554166665999900 53.63671875000000000       4570 
2016-06-12T23:58:39.445623Z   1/7871175:18817         23         50    7871165     977554       1711 11.98797607172200000 -12.2346496556550000 8.533476562500000000 -8.55720703125000000 3.324279786064000000 2.462402347112000000 5.057373046875000000 -5.06835937500000000 85.09967339921349000 1.701782228886000000 -15.3180669292290000 -15.3252475358470000 -14.8154244659690000 -58.7248339350390000 0.052001953196000000 0.012817382830000000 1511.000000000000000       3637          0          0          0          0          0 0.000000000000000000 0.000000000000000000 0.000000000000000000 0.000000000000000000 0.000000000000000000 0.000000000000000000 0.000000000000000000 0.000000000000000000 0.000000000000000000 0.000000000000000000 0.000000000000000000 0.000000000000000000 0.000000000000000000 0.000000000000000000 0.000000000000000000 0.000000000000000000 0.000000000000000000          0         29         58    7871165     895118       1111 9.782871093750000000 -9.89655762228000000 4.904626098255000000 -4.94099121348000000 36.34082031250000000 24.29199218750000000 29.15039062500000000 0.264296875000000000 11.80104980590200000 0.692807617544000000 10.76621093860800000 0.717099609744000000 8.874643260960001000 2.952934571832000000 29.09179834012200000 16.30381347705600000 23.92722363231200000 -2.83866528607495640 -11.8140198292499580 -14.1554166665999900 53.63671875000000000       4551 
2016-06-12T23:59:09.445174Z   1/7871205:18817         23         50    7871196     103490       1741 11.98797607172200000 -12.2346496556550000 8.533476562500000000 -8.55878906250000000 3.324279786064000000 2.462402347112000000 5.057373046875000000 -5.06835937500000000 84.89295350544546000 1.693725588250000000 -15.2678026829030000 -15.2821638961390000 -14.7436183997890000 -58.7320145416570000 0.052368164134000000 0.012817382830000000 1495.000000000000000       3506          0          0          0          0          0 0.000000000000000000 0.000000000000000000 0.000000000000000000 0.000000000000000000 0.000000000000000000 0.000000000000000000 0.000000000000000000 0.000000000000000000 0.000000000000000000 0.000000000000000000 0.000000000000000000 0.000000000000000000 0.000000000000000000 0.000000000000000000 0.000000000000000000 0.000000000000000000 0.000000000000000000          0         29         58    7871195     828824       1141 9.782871093750000000 -9.89655762228000000 4.907060155872000000 -4.94099121348000000 36.14648437500000000 24.09765625000000000 28.37304687500000000 0.192392578125000000 11.79619140746399900 0.811352539480000000 10.77106933704599900 0.756938476952000000 8.871017998190000000 2.953906251520000000 29.10486743191900000 16.30381347705600000 23.92722363231200000 -2.44843247984999830 -11.8140198292499580 -14.1554166665999900 56.35742187500000000       4244 
2016-06-12T23:59:39.444725Z   1/7871235:18817         23         50    7871225     923674       1771 11.98797607172200000 -12.2346496556550000 8.533476562500000000 -8.55878906250000000 3.324279786064000000 2.462402347112000000 5.057373046875000000 -5.06835937500000000 85.09967339921349000 1.698120119506000000 -15.2318996498130000 -15.2462608630490000 -14.6789929402270000 -58.7320145416570000 0.052368164134000000 0.012817382830000000 1545.000000000000000       2982          0          0          0          0          0 0.000000000000000000 0.000000000000000000 0.000000000000000000 0.000000000000000000 0.000000000000000000 0.000000000000000000 0.000000000000000000 0.000000000000000000 0.000000000000000000 0.000000000000000000 0.000000000000000000 0.000000000000000000 0.000000000000000000 0.000000000000000000 0.000000000000000000 0.000000000000000000 0.000000000000000000          0         29         58    7871225     828824       1171 9.788701171875000000 -9.89655762228000000 4.907060155872000000 -4.94342041270000000 36.34082031250000000 24.09765625000000000 28.37304687500000000 0.161298828125000000 11.78647461058800000 0.809409180104000000 10.77106933704599900 0.756938476952000000 8.871017998190000000 2.953906251520000000 29.10486743191900000 16.30381347705600000 23.92722363231200000 -2.05819967362498350 -11.8140198292499580 -13.7651838603749750 56.16308593750000000       4288 
