h1 CRD  1 2014  1 12 21
h2 WETL       8834 10  1  4
h3 swarma      1306702 8007    39452 0 1
h4  1 2014  1 12 21  5 23 2014  1 12 21  5 46  0 0 0 0 1 0 2 0
c0 0 532.000 std las1 det1 tim1
c1 0 las1 Nd:YAG 1064.00 20.00 30.00 180.0 1.00 1
c2 0 det1 PMT210_MCP 532.000 12.00 -4400.0 0.2 photon-dependent 170.0 532.00 45.0 0.0 ORTEC-9327
c3 0 tim1 TAC EFOS-18 Dassault2396-201-000 02,09,10,14 0.0
60 std 1 2
11 75923.627753875650 0.004249576194 std 2 5.0 10 58.0 -1.000 -1.000 -1.0 0.0 0
20 75923.628 948.40 271.10 99 1
40 75923.627753875650 0 std -1 -1 -1.000 90463.0 0.0 0.0 -1.000 -1.000 -1.0 3 2 0
11 75927.127753879403 0.004351804169 std 2 5.0 14 42.0 -1.000 -1.000 -1.0 0.0 0
11 75932.777753875957 0.004525587249 std 2 5.0 18 57.0 -1.000 -1.000 -1.0 0.0 0
11 75936.977753872131 0.004661157938 std 2 5.0 11 55.0 -1.000 -1.000 -1.0 0.0 0
11 75942.827753880200 0.004858112480 std 2 5.0 15 38.0 -1.000 -1.000 -1.0 0.0 0
11 75946.227753873157 0.004976530258 std 2 5.0 7 54.0 -1.000 -1.000 -1.0 0.0 0
50 std 49.0 -1.000 -1.000 -1.0 0
h8
h1 CRD  1 2014  1 13  1
h2 WETL       8834 10  1  4
h3 stella      9306102  643    22824 0 1
h4  1 2014  1 13  0 21 26 2014  1 13  0 22 46  0 0 0 0 1 0 2 0
c0 0 532.000 std las1 det1 tim1
c1 0 las1 Nd:YAG 1064.00 20.00 30.00 180.0 1.00 1
c2 0 det1 PMT210_MCP 532.000 12.00 -4400.0 0.2 photon-dependent 170.0 532.00 45.0 0.0 ORTEC-9327
c3 0 tim1 TAC EFOS-18 Dassault2396-201-000 02,09,10,14 0.0
60 std 1 2
11 1286.284375467011 0.010257016364 std 2 30.0 6 59.0 -1.000 -1.000 -1.0 0.0 0
20 1286.284 946.60 269.40 100 1
40 1286.284375467011 0 std -1 -1 -1.000 119288.0 0.0 17.0 -1.000 -1.000 -1.0 3 2 0
11 1302.734375468567 0.009901758417 std 2 30.0 42 65.0 -1.000 -1.000 -1.0 0.0 0
11 1336.284375466515 0.009331853347 std 2 30.0 67 56.0 -1.000 -1.000 -1.0 0.0 0
11 1366.984375469037 0.009019454084 std 2 30.0 14 56.0 -1.000 -1.000 -1.0 0.0 0
50 std 58.0 -1.000 -1.000 -1.0 0
h8
h1 CRD  1 2014  1 13  1
h2 WETL       8834 10  1  4
h3 starlette   7501001 1134     7646 0 1
h4  1 2014  1 13  0 54 15 2014  1 13  0 56 35  0 0 0 0 1 0 2 0
c0 0 532.000 std las1 det1 tim1
c1 0 las1 Nd:YAG 1064.00 20.00 30.00 180.0 1.00 1
c2 0 det1 PMT210_MCP 532.000 12.00 -4400.0 0.2 photon-dependent 170.0 532.00 45.0 0.0 ORTEC-9327
c3 0 tim1 TAC EFOS-18 Dassault2396-201-000 02,09,10,14 0.0
60 std 1 2
11 3255.188499264874 0.007463492975 std 2 30.0 44 67.0 -1.000 -1.000 -1.0 0.0 0
20 3255.188 946.20 269.90 98 1
40 3255.188499264874 0 std -1 -1 -1.000 119288.0 0.0 17.0 -1.000 -1.000 -1.0 3 2 0
11 3352.888499066154 0.009999059603 std 2 30.0 5 53.0 -1.000 -1.000 -1.0 0.0 0
11 3372.238499070314 0.010637521669 std 2 30.0 59 79.0 -1.000 -1.000 -1.0 0.0 0
11 3395.288499066082 0.011434416456 std 2 30.0 9 90.0 -1.000 -1.000 -1.0 0.0 0
50 std 73.0 -1.000 -1.000 -1.0 0
h8
h1 CRD  1 2014  1 13  2
h2 WETL       8834 10  1  4
h3 ajisai      8606101 1500    16908 0 1
h4  1 2014  1 13  1 42 50 2014  1 13  1 49 37  0 0 0 0 1 0 2 0
c0 0 532.000 std las1 det1 tim1
c1 0 las1 Nd:YAG 1064.00 20.00 30.00 180.0 1.00 1
c2 0 det1 PMT210_MCP 532.000 12.00 -4400.0 0.2 photon-dependent 170.0 532.00 45.0 0.0 ORTEC-9327
c3 0 tim1 TAC EFOS-18 Dassault2396-201-000 02,09,10,14 0.0
60 std 1 2
11 6170.817935065245 0.013902293401 std 2 30.0 7 237.0 -1.000 -1.000 -1.0 0.0 0
20 6170.818 945.90 269.40 94 1
40 6170.817935065245 0 std -1 -1 -1.000 119288.0 0.0 17.0 -1.000 -1.000 -1.0 3 2 0
11 6195.767934867779 0.013219852968 std 2 30.0 27 212.0 -1.000 -1.000 -1.0 0.0 0
11 6225.667934860733 0.012459257802 std 2 30.0 66 207.0 -1.000 -1.000 -1.0 0.0 0
11 6253.817934859909 0.011810858231 std 2 30.0 130 214.0 -1.000 -1.000 -1.0 0.0 0
11 6284.917934861673 0.011185346858 std 2 30.0 157 184.0 -1.000 -1.000 -1.0 0.0 0
11 6314.867934862386 0.010688654066 std 2 30.0 179 217.0 -1.000 -1.000 -1.0 0.0 0
11 6346.067934867825 0.010298300277 std 2 30.0 188 221.0 -1.000 -1.000 -1.0 0.0 0
11 6375.767934859767 0.010061085359 std 2 30.0 226 212.0 -1.000 -1.000 -1.0 0.0 0
11 6399.667934866577 0.009972172718 std 2 30.0 189 204.0 -1.000 -1.000 -1.0 0.0 0
11 6530.217934866481 0.011083912550 std 2 30.0 74 215.0 -1.000 -1.000 -1.0 0.0 0
11 6553.117934866174 0.011520503252 std 2 30.0 107 215.0 -1.000 -1.000 -1.0 0.0 0
11 6577.617934866400 0.012048919686 std 2 30.0 13 256.0 -1.000 -1.000 -1.0 0.0 0
50 std 211.0 -1.000 -1.000 -1.0 0
h8
h1 CRD  1 2014  1 13  2
h2 WETL       8834 10  1  4
h3 compassm3   1201801 2004    38250 0 1
h4  1 2014  1 12 21 58 31 2014  1 12 22 10  9  0 0 0 0 1 0 2 0
c0 0 532.000 std las1 det2 tim1
c1 0 las1 Nd:YAG 1064.00 20.00 30.00 180.0 1.00 1
c2 0 det2 APD 532.000 12.00 -4400.0 0.2 photon-dependent 170.0 532.00 45.0 0.0 ORTEC-9327
c3 0 tim1 TAC EFOS-18 Dassault2396-201-000 02,09,10,14 0.0
60 std 1 2
11 79111.607458865489 0.149988309159 std 2 300.0 35 93.0 -1.000 -1.000 -1.0 0.0 0
20 79111.607 948.00 271.30 99 1
40 79111.607458865489 0 std -1 -1 -1.000 97615.0 0.0 49.0 -1.000 -1.000 -1.0 3 2 0
11 79437.070818866413 0.149481243667 std 2 300.0 75 103.0 -1.000 -1.000 -1.0 0.0 0
11 79606.607218868463 0.149245959954 std 2 300.0 81 115.0 -1.000 -1.000 -1.0 0.0 0
11 79809.294818865162 0.148990922882 std 2 300.0 12 85.0 -1.000 -1.000 -1.0 0.0 0
50 std 105.0 -1.000 -1.000 -1.0 0
h8
h1 CRD  1 2014  1 13  2
h2 WETL       8834 10  1  4
h3 glonass123  1004102 9123    37138 0 1
h4  1 2014  1 12 21 23  7 2014  1 12 21 26 58  0 0 0 0 1 0 2 0
c0 0 532.000 std las1 det2 tim1
c1 0 las1 Nd:YAG 1064.00 20.00 30.00 180.0 1.00 1
c2 0 det2 APD 532.000 12.00 -4400.0 0.2 photon-dependent 170.0 532.00 45.0 0.0 ORTEC-9327
c3 0 tim1 TAC EFOS-18 Dassault2396-201-000 02,09,10,14 0.0
60 std 1 2
11 76987.827753661765 0.135354783679 std 2 300.0 107 138.0 -1.000 -1.000 -1.0 0.0 0
20 76987.828 948.30 271.20 99 1
40 76987.827753661765 0 std -1 -1 -1.000 97615.0 0.0 49.0 -1.000 -1.000 -1.0 3 2 0
11 77218.427753664723 0.134767229086 std 2 300.0 129 143.0 -1.000 -1.000 -1.0 0.0 0
50 std 140.0 -1.000 -1.000 -1.0 0
h8
h1 CRD  1 2014  1 13  2
h2 WETL       8834 10  1  4
h3 glonass119  1000701 9119    36400 0 1
h4  1 2014  1 12 22 38 51 2014  1 12 22 45  2  0 0 0 0 1 0 2 0
c0 0 532.000 std las1 det2 tim1
c1 0 las1 Nd:YAG 1064.00 20.00 30.00 180.0 1.00 1
c2 0 det2 APD 532.000 12.00 -4400.0 0.2 photon-dependent 170.0 532.00 45.0 0.0 ORTEC-9327
c3 0 tim1 TAC EFOS-18 Dassault2396-201-000 02,09,10,14 0.0
60 std 1 2
11 81531.740162266028 0.131238138419 std 2 300.0 89 147.0 -1.000 -1.000 -1.0 0.0 0
20 81531.740 947.70 270.70 99 1
40 81531.740162266028 0 std -1 -1 -1.000 97615.0 0.0 49.0 -1.000 -1.000 -1.0 3 2 0
11 81724.590162265929 0.130897565763 std 2 300.0 228 140.0 -1.000 -1.000 -1.0 0.0 0
11 81902.040162259768 0.130621217345 std 2 300.0 5 74.0 -1.000 -1.000 -1.0 0.0 0
50 std 141.0 -1.000 -1.000 -1.0 0
h8
h1 CRD  1 2014  1 13  2
h2 WETL       8834 10  1  4
h3 stella      9306102  643    22824 0 1
h4  1 2014  1 13  2  4 50 2014  1 13  2  5  7  0 0 0 0 1 0 2 0
c0 0 532.000 std las1 det1 tim1
c1 0 las1 Nd:YAG 1064.00 20.00 30.00 180.0 1.00 1
c2 0 det1 PMT210_MCP 532.000 12.00 -4400.0 0.2 photon-dependent 170.0 532.00 45.0 0.0 ORTEC-9327
c3 0 tim1 TAC EFOS-18 Dassault2396-201-000 02,09,10,14 0.0
60 std 1 2
11 7490.228466664136 0.009202423079 std 2 30.0 44 86.0 -1.000 -1.000 -1.0 0.0 0
20 7490.228 945.90 269.70 85 1
40 7490.228466664136 0 std -1 -1 -1.000 119288.0 0.0 17.0 -1.000 -1.000 -1.0 3 2 0
11 7507.928466669331 0.009699754133 std 2 30.0 12 61.0 -1.000 -1.000 -1.0 0.0 0
50 std 81.0 -1.000 -1.000 -1.0 0
h8
h1 CRD  1 2014  1 13  2
h2 WETL       8834 10  1  4
h3 glonass107   706501 9107    32393 0 1
h4  1 2014  1 12 23 13 11 2014  1 12 23 58 48  0 0 0 0 1 0 2 0
c0 0 532.000 std las1 det2 tim1
c1 0 las1 Nd:YAG 1064.00 20.00 30.00 180.0 1.00 1
c2 0 det2 APD 532.000 12.00 -4400.0 0.2 photon-dependent 170.0 532.00 45.0 0.0 ORTEC-9327
c3 0 tim1 TAC EFOS-18 Dassault2396-201-000 02,09,10,14 0.0
60 std 1 2
11 83591.784125472703 0.135888427027 std 2 300.0 71 144.0 -1.000 -1.000 -1.0 0.0 0
20 83591.784 947.40 270.30 100 1
40 83591.784125472703 0 std -1 -1 -1.000 97562.0 56.0 61.0 -1.000 -1.000 -1.0 3 2 0
11 83766.784125464569 0.135324787178 std 2 300.0 59 142.0 -1.000 -1.000 -1.0 0.0 0
11 86328.534375470571 0.129085061699 std 2 300.0 80 113.0 -1.000 -1.000 -1.0 0.0 0
20 86328.534 946.90 269.40 100 1
50 std 132.0 -1.000 -1.000 -1.0 0
h8
h1 CRD  1 2014  1 13  4
h2 WETL       8834 10  1  4
h3 ajisai      8606101 1500    16908 0 1
h4  1 2014  1 13  3 43 27 2014  1 13  3 51 33  0 0 0 0 1 0 2 0
c0 0 532.000 std las1 det1 tim1
c1 0 las1 Nd:YAG 1064.00 20.00 30.00 180.0 1.00 1
c2 0 det1 PMT210_MCP 532.000 12.00 -4400.0 0.2 photon-dependent 170.0 532.00 45.0 0.0 ORTEC-9327
c3 0 tim1 TAC EFOS-18 Dassault2396-201-000 02,09,10,14 0.0
60 std 1 2
11 13407.477066259816 0.016492031606 std 2 30.0 6 275.0 -1.000 -1.000 -1.0 0.0 0
20 13407.477 944.80 269.60 79 1
40 13407.477066259816 0 std -1 -1 -1.000 119288.0 0.0 17.0 -1.000 -1.000 -1.0 3 2 0
11 13424.477066264989 0.015960273704 std 2 30.0 17 246.0 -1.000 -1.000 -1.0 0.0 0
11 13460.627066059664 0.014870021492 std 2 30.0 43 217.0 -1.000 -1.000 -1.0 0.0 0
11 13484.827066066160 0.014176488450 std 2 30.0 51 197.0 -1.000 -1.000 -1.0 0.0 0
11 13550.877066068334 0.012477493206 std 2 30.0 98 202.0 -1.000 -1.000 -1.0 0.0 0
11 13567.877066062762 0.012097204045 std 2 30.0 45 237.0 -1.000 -1.000 -1.0 0.0 0
11 13600.227066065081 0.011453563511 std 2 30.0 98 186.0 -1.000 -1.000 -1.0 0.0 0
11 13636.077066062252 0.010882062258 std 2 30.0 174 179.0 -1.000 -1.000 -1.0 0.0 0
11 13665.777066063710 0.010538726606 std 2 30.0 76 196.0 -1.000 -1.000 -1.0 0.0 0
11 13693.027066059829 0.010338713341 std 2 30.0 34 177.0 -1.000 -1.000 -1.0 0.0 0
11 13760.227066066956 0.010350094630 std 2 30.0 48 218.0 -1.000 -1.000 -1.0 0.0 0
11 13783.077066063166 0.010517593079 std 2 30.0 62 228.0 -1.000 -1.000 -1.0 0.0 0
11 13811.927066064074 0.010840027805 std 2 30.0 112 227.0 -1.000 -1.000 -1.0 0.0 0
11 13847.377066061798 0.011390439500 std 2 30.0 127 241.0 -1.000 -1.000 -1.0 0.0 0
11 13870.527066065527 0.011831055048 std 2 30.0 82 226.0 -1.000 -1.000 -1.0 0.0 0
11 13893.877066061414 0.012332204258 std 2 30.0 7 251.0 -1.000 -1.000 -1.0 0.0 0
50 std 211.0 -1.000 -1.000 -1.0 0
h8
h1 CRD  1 2014  1 13  4
h2 WETL       8834 10  1  4
h3 glonass101   606203 9101    29672 0 1
h4  1 2014  1 13  1 23  9 2014  1 13  1 40 17  0 0 0 0 1 0 2 0
c0 0 532.000 std las1 det2 tim1
c1 0 las1 Nd:YAG 1064.00 20.00 30.00 180.0 1.00 1
c2 0 det2 APD 532.000 12.00 -4400.0 0.2 photon-dependent 170.0 532.00 45.0 0.0 ORTEC-9327
c3 0 tim1 TAC EFOS-18 Dassault2396-201-000 02,09,10,14 0.0
60 std 1 2
11 4989.467809864081 0.131125896641 std 2 300.0 95 141.0 -1.000 -1.000 -1.0 0.0 0
20 4989.468 946.10 270.10 87 1
40 4989.467809864081 0 std -1 -1 -1.000 97514.0 0.0 46.0 -1.000 -1.000 -1.0 3 2 0
11 5298.317809865757 0.130470320429 std 2 300.0 86 131.0 -1.000 -1.000 -1.0 0.0 0
11 5583.567809866563 0.129945966313 std 2 300.0 197 129.0 -1.000 -1.000 -1.0 0.0 0
11 5841.617809865952 0.129541270002 std 2 300.0 328 133.0 -1.000 -1.000 -1.0 0.0 0
11 6017.717809868759 0.129304157444 std 2 300.0 35 141.0 -1.000 -1.000 -1.0 0.0 0
50 std 133.0 -1.000 -1.000 -1.0 0
h8
h1 CRD  1 2014  1 13  5
h2 WETL       8834 10  1  4
h3 tandemx     1003001 6202    36605 0 1
h4  1 2014  1 13  5 17  2 2014  1 13  5 18 50  0 0 0 0 1 0 2 0
c0 0 532.000 std las1 det1 tim1
c1 0 las1 Nd:YAG 1064.00 20.00 30.00 180.0 1.00 1
c2 0 det1 PMT210_MCP 532.000 12.00 -4400.0 0.2 photon-dependent 170.0 532.00 45.0 0.0 ORTEC-9327
c3 0 tim1 TAC EFOS-18 Dassault2396-201-000 02,09,10,14 0.0
60 std 1 2
11 19022.044613064097 0.005470175123 std 2 5.0 11 36.0 -1.000 -1.000 -1.0 0.0 0
20 19022.045 944.10 270.90 48 1
40 19022.044613064097 0 std -1 -1 -1.000 119288.0 0.0 17.0 -1.000 -1.000 -1.0 3 2 0
11 19073.844612866469 0.004700771470 std 2 5.0 6 47.0 -1.000 -1.000 -1.0 0.0 0
11 19106.394612861503 0.004877240493 std 2 5.0 12 75.0 -1.000 -1.000 -1.0 0.0 0
11 19111.594612861250 0.004952790805 std 2 5.0 8 35.0 -1.000 -1.000 -1.0 0.0 0
11 19118.244612862654 0.005066515817 std 2 5.0 35 55.0 -1.000 -1.000 -1.0 0.0 0
11 19122.244612867167 0.005143685034 std 2 5.0 22 44.0 -1.000 -1.000 -1.0 0.0 0
11 19128.494612859752 0.005276624574 std 2 5.0 10 64.0 -1.000 -1.000 -1.0 0.0 0
11 19130.594612860392 0.005324509959 std 2 5.0 6 89.0 -1.000 -1.000 -1.0 0.0 0
50 std 56.0 -1.000 -1.000 -1.0 0
h8
h1 CRD  1 2014  1 13  7
h2 WETL       8834 10  1  4
h3 ajisai      8606101 1500    16908 0 1
h4  1 2014  1 13  5 45 20 2014  1 13  5 48 35  0 0 0 0 1 0 2 0
c0 0 532.000 std las1 det1 tim1
c1 0 las1 Nd:YAG 1064.00 20.00 30.00 180.0 1.00 1
c2 0 det1 PMT210_MCP 532.000 12.00 -4400.0 0.2 photon-dependent 170.0 532.00 45.0 0.0 ORTEC-9327
c3 0 tim1 TAC EFOS-18 Dassault2396-201-000 02,09,10,14 0.0
60 std 1 2
11 20720.035547264928 0.018574039033 std 2 30.0 10 244.0 -1.000 -1.000 -1.0 0.0 0
20 20720.036 944.20 269.10 74 1
40 20720.035547264928 0 std -1 -1 -1.000 119288.0 0.0 17.0 -1.000 -1.000 -1.0 3 2 0
11 20774.485547063390 0.017443016174 std 2 30.0 21 257.0 -1.000 -1.000 -1.0 0.0 0
11 20804.235547066812 0.016913453914 std 2 30.0 18 245.0 -1.000 -1.000 -1.0 0.0 0
11 20832.535547070179 0.016475328362 std 2 30.0 29 271.0 -1.000 -1.000 -1.0 0.0 0
11 20864.285547071211 0.016066849228 std 2 30.0 34 194.0 -1.000 -1.000 -1.0 0.0 0
11 20897.235547067985 0.015743104381 std 2 30.0 37 242.0 -1.000 -1.000 -1.0 0.0 0
11 20915.735547067348 0.015608567052 std 2 30.0 18 272.0 -1.000 -1.000 -1.0 0.0 0
50 std 240.0 -1.000 -1.000 -1.0 0
h8
h1 CRD  1 2014  1 13  7
h2 WETL       8834 10  1  4
h3 hy2a        1104301 2201    37781 0 1
h4  1 2014  1 13  6 25 19 2014  1 13  6 27 37  0 0 0 0 1 0 2 0
c0 0 532.000 std las1 det1 tim1
c1 0 las1 Nd:YAG 1064.00 20.00 30.00 180.0 1.00 1
c2 0 det1 PMT210_MCP 532.000 12.00 -4400.0 0.2 photon-dependent 170.0 532.00 45.0 0.0 ORTEC-9327
c3 0 tim1 TAC EFOS-18 Dassault2396-201-000 02,09,10,14 0.0
60 std 1 2
11 23119.861875864782 0.008403629817 std 2 30.0 5 19.0 -1.000 -1.000 -1.0 0.0 0
20 23119.862 944.10 268.60 79 1
40 23119.861875864782 0 std -1 -1 -1.000 119288.0 3.0 21.0 -1.000 -1.000 -1.0 3 2 0
11 23151.711875664905 0.009328403555 std 2 30.0 67 60.0 -1.000 -1.000 -1.0 0.0 0
11 23173.261875666989 0.010028895434 std 2 30.0 94 49.0 -1.000 -1.000 -1.0 0.0 0
11 23203.311875666542 0.011081224349 std 2 30.0 57 46.0 -1.000 -1.000 -1.0 0.0 0
11 23233.911875667065 0.012221012596 std 2 30.0 12 30.0 -1.000 -1.000 -1.0 0.0 0
11 23257.361875666802 0.013129378613 std 2 30.0 8 56.0 -1.000 -1.000 -1.0 0.0 0
50 std 50.0 -1.000 -1.000 -1.0 0
h8
h1 CRD  1 2014  1 13  8
h2 WETL       8834 10  1  4
h3 jason2       803201 1025    33105 0 1
h4  1 2014  1 13  7 44 20 2014  1 13  7 52 33  0 0 0 0 1 0 2 0
c0 0 532.000 std las1 det1 tim1
c1 0 las1 Nd:YAG 1064.00 20.00 30.00 180.0 1.00 1
c2 0 det1 PMT210_MCP 532.000 12.00 -4400.0 0.2 photon-dependent 170.0 532.00 45.0 0.0 ORTEC-9327
c3 0 tim1 TAC EFOS-18 Dassault2396-201-000 02,09,10,14 0.0
60 std 1 2
11 27860.170336467278 0.011927576176 std 2 15.0 7 79.0 -1.000 -1.000 -1.0 0.0 0
20 27860.170 944.30 270.70 68 1
40 27860.170336467278 0 std -1 -1 -1.000 119283.0 4.0 18.0 -1.000 -1.000 -1.0 3 2 0
11 27893.770336467931 0.011246186926 std 2 15.0 82 57.0 -1.000 -1.000 -1.0 0.0 0
11 27907.570336466816 0.011005914662 std 2 15.0 112 63.0 -1.000 -1.000 -1.0 0.0 0
11 27919.070336469661 0.010825063269 std 2 15.0 68 58.0 -1.000 -1.000 -1.0 0.0 0
11 27940.870336467606 0.010533977019 std 2 15.0 59 57.0 -1.000 -1.000 -1.0 0.0 0
11 27949.520336464245 0.010438282978 std 2 15.0 81 55.0 -1.000 -1.000 -1.0 0.0 0
11 27970.770336463743 0.010253680272 std 2 15.0 18 47.0 -1.000 -1.000 -1.0 0.0 0
11 27979.370336463282 0.010200043964 std 2 15.0 39 54.0 -1.000 -1.000 -1.0 0.0 0
11 28001.420336466430 0.010119782701 std 2 15.0 47 60.0 -1.000 -1.000 -1.0 0.0 0
11 28008.970336463188 0.010111499486 std 2 15.0 21 55.0 -1.000 -1.000 -1.0 0.0 0
11 28030.970336464268 0.010143514384 std 2 15.0 28 54.0 -1.000 -1.000 -1.0 0.0 0
11 28041.970336462739 0.010190666028 std 2 15.0 123 58.0 -1.000 -1.000 -1.0 0.0 0
11 28058.420336460791 0.010299146745 std 2 15.0 103 60.0 -1.000 -1.000 -1.0 0.0 0
11 28072.120336460437 0.010423281357 std 2 15.0 137 56.0 -1.000 -1.000 -1.0 0.0 0
11 28087.420336462237 0.010596774234 std 2 15.0 95 57.0 -1.000 -1.000 -1.0 0.0 0
11 28099.220336464973 0.010754605805 std 2 15.0 29 63.0 -1.000 -1.000 -1.0 0.0 0
11 28117.170336463466 0.011032561136 std 2 15.0 14 52.0 -1.000 -1.000 -1.0 0.0 0
11 28129.420336466392 0.011246927941 std 2 15.0 6 66.0 -1.000 -1.000 -1.0 0.0 0
11 28144.220336461635 0.011530761273 std 2 15.0 42 59.0 -1.000 -1.000 -1.0 0.0 0
11 28163.220336466609 0.011931928550 std 2 15.0 6 73.0 -1.000 -1.000 -1.0 0.0 0
11 28173.770336466352 0.012171131621 std 2 15.0 29 51.0 -1.000 -1.000 -1.0 0.0 0
11 28209.370336466788 0.013054653746 std 2 15.0 20 61.0 -1.000 -1.000 -1.0 0.0 0
11 28221.920336461504 0.013391020334 std 2 15.0 23 62.0 -1.000 -1.000 -1.0 0.0 0
11 28235.420336464861 0.013765551064 std 2 15.0 6 50.0 -1.000 -1.000 -1.0 0.0 0
11 28299.620336464436 0.015695499637 std 2 15.0 9 58.0 -1.000 -1.000 -1.0 0.0 0
11 28343.220336461315 0.017113961987 std 2 15.0 15 69.0 -1.000 -1.000 -1.0 0.0 0
11 28353.220336465428 0.017448678876 std 2 15.0 5 115.0 -1.000 -1.000 -1.0 0.0 0
50 std 58.0 -1.000 -1.000 -1.0 0
h8
h1 CRD  1 2014  1 13  8
h2 WETL       8834 10  1  4
h3 glonass130  1107101 9130    37938 0 1
h4  1 2014  1 13  3 57 22 2014  1 13  4 20 21  0 0 0 0 1 0 2 0
c0 0 532.000 std las1 det2 tim1
c1 0 las1 Nd:YAG 1064.00 20.00 30.00 180.0 1.00 1
c2 0 det2 APD 532.000 12.00 -4400.0 0.2 photon-dependent 170.0 532.00 45.0 0.0 ORTEC-9327
c3 0 tim1 TAC EFOS-18 Dassault2396-201-000 02,09,10,14 0.0
60 std 1 2
11 14242.277066064474 0.130814695857 std 2 300.0 311 131.0 -1.000 -1.000 -1.0 0.0 0
20 14242.277 944.60 269.10 85 1
40 14242.277066064474 0 std -1 -1 -1.000 97525.0 3.0 76.0 -1.000 -1.000 -1.0 3 2 0
11 14593.427066064142 0.130516034640 std 2 300.0 345 131.0 -1.000 -1.000 -1.0 0.0 0
11 14850.027066061965 0.130340675022 std 2 300.0 467 130.0 -1.000 -1.000 -1.0 0.0 0
11 15191.427066061062 0.130163296330 std 2 300.0 318 129.0 -1.000 -1.000 -1.0 0.0 0
11 15454.327066064784 0.130070059350 std 2 300.0 405 132.0 -1.000 -1.000 -1.0 0.0 0
11 15621.227066061217 0.130030369667 std 2 300.0 64 120.0 -1.000 -1.000 -1.0 0.0 0
50 std 130.0 -1.000 -1.000 -1.0 0
h8
h1 CRD  1 2014  1 13  9
h2 WETL       8834 10  1  4
h3 cryosat2    1001301 8006    36508 0 1
h4  1 2014  1 13  8 45 37 2014  1 13  8 49 20  0 0 0 0 1 0 2 0
c0 0 532.000 std las1 det1 tim1
c1 0 las1 Nd:YAG 1064.00 20.00 30.00 180.0 1.00 1
c2 0 det1 PMT210_MCP 532.000 12.00 -4400.0 0.2 photon-dependent 170.0 532.00 45.0 0.0 ORTEC-9327
c3 0 tim1 TAC EFOS-18 Dassault2396-201-000 02,09,10,14 0.0
60 std 1 2
11 31537.570336467986 0.004931717446 std 2 15.0 9 44.0 -1.000 -1.000 -1.0 0.0 0
20 31537.570 944.70 272.10 73 1
40 31537.570336467986 0 std -1 -1 -1.000 119251.0 1.0 20.0 -1.000 -1.000 -1.0 3 2 0
11 31547.370336469044 0.004875060057 std 2 15.0 52 63.0 -1.000 -1.000 -1.0 0.0 0
11 31626.070336464649 0.005918581064 std 2 15.0 27 55.0 -1.000 -1.000 -1.0 0.0 0
11 31643.520336470852 0.006427201716 std 2 15.0 157 61.0 -1.000 -1.000 -1.0 0.0 0
11 31657.320336470032 0.006873426305 std 2 15.0 145 56.0 -1.000 -1.000 -1.0 0.0 0
11 31672.220336464254 0.007389957287 std 2 15.0 154 64.0 -1.000 -1.000 -1.0 0.0 0
11 31687.870336470014 0.007963682370 std 2 15.0 143 63.0 -1.000 -1.000 -1.0 0.0 0
11 31703.370336468607 0.008557047852 std 2 15.0 132 60.0 -1.000 -1.000 -1.0 0.0 0
11 31717.320336469675 0.009108290877 std 2 15.0 138 62.0 -1.000 -1.000 -1.0 0.0 0
11 31731.870336466660 0.009697375642 std 2 15.0 103 62.0 -1.000 -1.000 -1.0 0.0 0
11 31745.570336471559 0.010262921902 std 2 15.0 81 64.0 -1.000 -1.000 -1.0 0.0 0
11 31760.820336466011 0.010902673145 std 2 15.0 14 35.0 -1.000 -1.000 -1.0 0.0 0
50 std 62.0 -1.000 -1.000 -1.0 0
h8
h1 CRD  1 2014  1 13  9
h2 WETL       8834 10  1  4
h3 etalon2     8903903 4146    20026 0 1
h4  1 2014  1 13  6 33 41 2014  1 13  6 41 47  0 0 0 0 1 0 2 0
c0 0 532.000 std las1 det2 tim1
c1 0 las1 Nd:YAG 1064.00 20.00 30.00 180.0 1.00 1
c2 0 det2 APD 532.000 12.00 -4400.0 0.2 photon-dependent 170.0 532.00 45.0 0.0 ORTEC-9327
c3 0 tim1 TAC EFOS-18 Dassault2396-201-000 02,09,10,14 0.0
60 std 1 2
11 23621.761875667948 0.132692292197 std 2 300.0 563 283.0 -1.000 -1.000 -1.0 0.0 0
20 23621.762 944.10 268.50 82 1
40 23621.761875667948 0 std -1 -1 -1.000 97522.0 4.0 49.0 -1.000 -1.000 -1.0 3 2 0
11 23822.861875665744 0.133103632065 std 2 300.0 601 279.0 -1.000 -1.000 -1.0 0.0 0
11 24107.261875666551 0.133728520006 std 2 300.0 634 277.0 -1.000 -1.000 -1.0 0.0 0
50 std 279.0 -1.000 -1.000 -1.0 0
h8
h1 CRD  1 2014  1 13  9
h2 WETL       8834 10  1  4
h3 galileo101  1106001 7101    37846 0 1
h4  1 2014  1 13  2 59  8 2014  1 13  3 35  9  0 0 0 0 1 0 2 0
c0 0 532.000 std las1 det2 tim1
c1 0 las1 Nd:YAG 1064.00 20.00 30.00 180.0 1.00 1
c2 0 det2 APD 532.000 12.00 -4400.0 0.2 photon-dependent 170.0 532.00 45.0 0.0 ORTEC-9327
c3 0 tim1 TAC EFOS-18 Dassault2396-201-000 02,09,10,14 0.0
60 std 1 2
11 10748.146002069444 0.156559181948 std 2 300.0 39 97.0 -1.000 -1.000 -1.0 0.0 0
20 10748.146 945.40 269.30 88 1
40 10748.146002069444 0 std -1 -1 -1.000 97493.0 38.0 63.0 -1.000 -1.000 -1.0 3 2 0
11 10904.946002065688 0.156415056694 std 2 300.0 59 89.0 -1.000 -1.000 -1.0 0.0 0
11 12241.755995668319 0.155526708932 std 2 300.0 106 93.0 -1.000 -1.000 -1.0 0.0 0
20 12241.756 945.00 269.70 81 1
11 12426.472155666645 0.155450947717 std 2 300.0 202 91.0 -1.000 -1.000 -1.0 0.0 0
11 12735.825195668907 0.155349028020 std 2 300.0 179 92.0 -1.000 -1.000 -1.0 0.0 0
11 12909.141995665557 0.155305465301 std 2 300.0 11 69.0 -1.000 -1.000 -1.0 0.0 0
50 std 91.0 -1.000 -1.000 -1.0 0
h8
h1 CRD  1 2014  1 13  9
h2 WETL       8834 10  1  4
h3 galileo102  1106002 7102    37847 0 1
h4  1 2014  1 12 23 28  7 2014  1 12  2 36 20  0 0 0 0 1 0 2 0
c0 0 532.000 std las1 det2 tim1
c1 0 las1 Nd:YAG 1064.00 20.00 30.00 180.0 1.00 1
c2 0 det2 APD 532.000 12.00 -4400.0 0.2 photon-dependent 170.0 532.00 45.0 0.0 ORTEC-9327
c3 0 tim1 TAC EFOS-18 Dassault2396-201-000 02,09,10,14 0.0
60 std 1 2
11 84487.434250470711 0.167682123758 std 2 300.0 68 144.0 -1.000 -1.000 -1.0 0.0 0
20 84487.434 947.20 269.80 100 1
40 84487.434250470711 0 std -1 -1 -1.000 97520.0 2.0 66.0 -1.000 -1.000 -1.0 3 2 0
11 84773.334250470352 0.166755613004 std 2 300.0 253 152.0 -1.000 -1.000 -1.0 0.0 0
11 84929.034250467814 0.166263226654 std 2 300.0 44 154.0 -1.000 -1.000 -1.0 0.0 0
11 8884.833127256384 0.157857417701 std 2 300.0 176 116.0 -1.000 -1.000 -1.0 0.0 0
20 8884.833 945.90 269.60 88 1
11 9148.283127263730 0.158236165110 std 2 300.0 238 111.0 -1.000 -1.000 -1.0 0.0 0
11 9380.033127256586 0.158587286634 std 2 300.0 130 119.0 -1.000 -1.000 -1.0 0.0 0
50 std 131.0 -1.000 -1.000 -1.0 0
h8
h1 CRD  1 2014  1 13  9
h2 WETL       8834 10  1  4
h3 glonass128  1106401 9128    37867 0 1
h4  1 2014  1 13  8 23  9 2014  1 13  8 35 57  0 0 0 0 1 0 2 0
c0 0 532.000 std las1 det2 tim1
c1 0 las1 Nd:YAG 1064.00 20.00 30.00 180.0 1.00 1
c2 0 det2 APD 532.000 12.00 -4400.0 0.2 photon-dependent 170.0 532.00 45.0 0.0 ORTEC-9327
c3 0 tim1 TAC EFOS-18 Dassault2396-201-000 02,09,10,14 0.0
60 std 1 2
11 30189.370336461239 0.139471030478 std 2 300.0 598 206.0 -1.000 -1.000 -1.0 0.0 0
20 30189.370 944.60 271.10 74 1
40 30189.370336461239 0 std -1 -1 -1.000 97512.0 4.0 52.0 -1.000 -1.000 -1.0 3 2 0
11 30465.970336461197 0.140577367525 std 2 300.0 1062 205.0 -1.000 -1.000 -1.0 0.0 0
11 30750.870336464833 0.141759156234 std 2 300.0 940 215.0 -1.000 -1.000 -1.0 0.0 0
11 30957.320336460103 0.142640191477 std 2 300.0 360 224.0 -1.000 -1.000 -1.0 0.0 0
50 std 210.0 -1.000 -1.000 -1.0 0
h8
h1 CRD  1 2014  1 13 10
h2 WETL       8834 10  1  4
h3 lares       1200601 5987    38077 0 1
h4  1 2014  1 13  9 12 10 2014  1 13  9 14 12  0 0 0 0 1 0 2 0
c0 0 532.000 std las1 det1 tim1
c1 0 las1 Nd:YAG 1064.00 20.00 30.00 180.0 1.00 1
c2 0 det1 PMT210_MCP 532.000 12.00 -4400.0 0.2 photon-dependent 170.0 532.00 45.0 0.0 ORTEC-9327
c3 0 tim1 TAC EFOS-18 Dassault2396-201-000 02,09,10,14 0.0
60 std 1 2
11 33130.620336466041 0.017594420635 std 2 30.0 23 78.0 -1.000 -1.000 -1.0 0.0 0
20 33130.620 944.40 273.30 76 1
40 33130.620336466041 0 std -1 -1 -1.000 119287.0 6.0 19.0 -1.000 -1.000 -1.0 3 2 0
11 33163.570336466607 0.016573327845 std 2 30.0 23 60.0 -1.000 -1.000 -1.0 0.0 0
11 33191.820336463528 0.015735342994 std 2 30.0 102 89.0 -1.000 -1.000 -1.0 0.0 0
11 33222.070336462353 0.014884087694 std 2 30.0 16 57.0 -1.000 -1.000 -1.0 0.0 0
11 33252.720336461841 0.014079508830 std 2 30.0 152 75.0 -1.000 -1.000 -1.0 0.0 0
50 std 78.0 -1.000 -1.000 -1.0 0
h8
h1 CRD  1 2014  1 13 10
h2 WETL       8834 10  1  4
h3 etalon1     8900103  525    19751 0 1
h4  1 2014  1 13  7  3 59 2014  1 13  8  2 17  0 0 0 0 1 0 2 0
c0 0 532.000 std las1 det2 tim1
c1 0 las1 Nd:YAG 1064.00 20.00 30.00 180.0 1.00 1
c2 0 det2 APD 532.000 12.00 -4400.0 0.2 photon-dependent 170.0 532.00 45.0 0.0 ORTEC-9327
c3 0 tim1 TAC EFOS-18 Dassault2396-201-000 02,09,10,14 0.0
60 std 1 2
11 25439.185175062393 0.131034043633 std 2 300.0 273 268.0 -1.000 -1.000 -1.0 0.0 0
20 25439.185 944.30 268.50 80 1
40 25439.185175062393 0 std -1 -1 -1.000 97521.0 2.0 48.0 -1.000 -1.000 -1.0 3 2 0
11 25640.735175065589 0.130680761075 std 2 300.0 1020 254.0 -1.000 -1.000 -1.0 0.0 0
11 28659.620336464605 0.130639787191 std 2 300.0 448 256.0 -1.000 -1.000 -1.0 0.0 0
20 28659.620 944.40 272.40 65 1
11 28937.270336462846 0.131112869330 std 2 300.0 490 266.0 -1.000 -1.000 -1.0 0.0 0
50 std 259.0 -1.000 -1.000 -1.0 0
h8
h1 CRD  1 2014  1 13 13
h2 WETL       8834 10  1  4
h3 glonass126  1105501 9126    37829 0 1
h4  1 2014  1 13  8 12 38 2014  1 13  8 12 38  0 0 0 0 1 0 2 0
c0 0 532.000 std las1 det2 tim1
c1 0 las1 Nd:YAG 1064.00 20.00 30.00 180.0 1.00 1
c2 0 det2 APD 532.000 12.00 -4400.0 0.2 photon-dependent 170.0 532.00 45.0 0.0 ORTEC-9327
c3 0 tim1 TAC EFOS-18 Dassault2396-201-000 02,09,10,14 0.0
60 std 1 2
11 29558.720336469098 0.129243110097 std 2 300.0 1539 108.0 -1.000 -1.000 -1.0 0.0 0
20 29558.720 944.60 271.90 69 1
40 29558.720336469098 0 std -1 -1 -1.000 97525.0 20.0 54.0 -1.000 -1.000 -1.0 3 2 0
50 std 108.0 -1.000 -1.000 -1.0 0
h8
h1 CRD  1 2014  1 13 13
h2 WETL       8834 10  1  4
h3 glonass106   705201 9106    32275 0 1
h4  1 2014  1 13  7 33 56 2014  1 13  7 36 35  0 0 0 0 1 0 2 0
c0 0 532.000 std las1 det2 tim1
c1 0 las1 Nd:YAG 1064.00 20.00 30.00 180.0 1.00 1
c2 0 det2 APD 532.000 12.00 -4400.0 0.2 photon-dependent 170.0 532.00 45.0 0.0 ORTEC-9327
c3 0 tim1 TAC EFOS-18 Dassault2396-201-000 02,09,10,14 0.0
60 std 1 2
11 27236.620336467487 0.134120862262 std 2 300.0 359 116.0 -1.000 -1.000 -1.0 0.0 0
20 27236.620 944.30 270.80 70 1
40 27236.620336467487 0 std -1 -1 -1.000 97510.0 11.0 48.0 -1.000 -1.000 -1.0 3 2 0
11 27395.870336463899 0.133649229241 std 2 300.0 726 119.0 -1.000 -1.000 -1.0 0.0 0
50 std 118.0 -1.000 -1.000 -1.0 0
h8
h1 CRD  1 2014  1 13 13
h2 WETL       8834 10  1  4
h3 glonass105   705202 9105    32276 0 1
h4  1 2014  1 13  8 39 40 2014  1 13  9  6 25  0 0 0 0 1 0 2 0
c0 0 532.000 std las1 det2 tim1
c1 0 las1 Nd:YAG 1064.00 20.00 30.00 180.0 1.00 1
c2 0 det2 APD 532.000 12.00 -4400.0 0.2 photon-dependent 170.0 532.00 45.0 0.0 ORTEC-9327
c3 0 tim1 TAC EFOS-18 Dassault2396-201-000 02,09,10,14 0.0
60 std 1 2
11 31180.320336469430 0.142572454361 std 2 300.0 55 137.0 -1.000 -1.000 -1.0 0.0 0
20 31180.320 944.70 272.10 72 1
40 31180.320336469430 0 std -1 -1 -1.000 97514.0 17.0 49.0 -1.000 -1.000 -1.0 3 2 0
11 31334.220336461552 0.141911189288 std 2 300.0 504 149.0 -1.000 -1.000 -1.0 0.0 0
11 32035.170336467584 0.139038643646 std 2 300.0 340 137.0 -1.000 -1.000 -1.0 0.0 0
20 32035.170 944.60 273.60 74 1
11 32282.770336464446 0.138085459487 std 2 300.0 926 138.0 -1.000 -1.000 -1.0 0.0 0
11 32539.270336469450 0.137136093276 std 2 300.0 1369 133.0 -1.000 -1.000 -1.0 0.0 0
11 32785.520336464413 0.136263657883 std 2 300.0 600 136.0 -1.000 -1.000 -1.0 0.0 0
50 std 137.0 -1.000 -1.000 -1.0 0
h8
h1 CRD  1 2014  1 13 16
h2 WETL       8834 10  1  4
h3 glonass118   907003 9118    36113 0 1
h4  1 2014  1 12 10 58 17 2014  1 12 11  2  4  1 0 0 0 1 0 2 0
c0 0 532.000 std las1 det2 tim1
c1 0 las1 Nd:YAG 1064.00 20.00 30.00 180.0 1.00 1
c2 0 det2 APD 532.000 12.00 -4400.0 0.2 photon-dependent 170.0 532.00 45.0 0.0 ORTEC-9327
c3 0 tim1 TAC EFOS-18 Dassault2396-201-000 02,09,10,14 0.0
60 std 1 2
11 39497.014573260956 0.138583016248 std 2 300.0 720 211.0 -1.000 -1.000 -1.0 0.0 0
20 39497.015 952.30 274.10 82 1
40 39497.014573260956 0 std -1 -1 -1.000 97518.0 9.0 59.0 -1.000 -1.000 -1.0 3 2 0
11 39724.214573265458 0.137885803059 std 2 300.0 564 214.0 -1.000 -1.000 -1.0 0.0 0
50 std 212.0 -1.000 -1.000 -1.0 0
h8
h1 CRD  1 2014  1 13 20
h2 WETL       8834 10  1  4
h3 glonass118   907003 9118    36113 0 1
h4  1 2014  1 13  9 28 59 2014  1 13  9 30 26  0 0 0 0 1 0 2 0
c0 0 532.000 std las1 det2 tim1
c1 0 las1 Nd:YAG 1064.00 20.00 30.00 180.0 1.00 1
c2 0 det2 APD 532.000 12.00 -4400.0 0.2 photon-dependent 170.0 532.00 45.0 0.0 ORTEC-9327
c3 0 tim1 TAC EFOS-18 Dassault2396-201-000 02,09,10,14 0.0
60 std 1 2
11 34139.020336465881 0.132590177768 std 2 300.0 137 154.0 -1.000 -1.000 -1.0 0.0 0
20 34139.020 944.30 274.70 72 1
40 34139.020336465881 0 std -1 -1 -1.000 97524.0 15.0 49.0 -1.000 -1.000 -1.0 3 2 0
11 34226.870336467626 0.132367011518 std 2 300.0 12 256.0 -1.000 -1.000 -1.0 0.0 0
50 std 162.0 -1.000 -1.000 -1.0 0
h8
H9